1	intra	1.R	2.R	1	1	1	49582018	49696559	1.O	2.O	4	4	-1	1	110649111	110761753	110609881	110719316	50000	64541	1
2	intra	2.R	3.R	1	1	1	49630921	49735699	2.O	3.O	4	4	1	-1	110649111	110761753	110609881	110719316	50000	54778	1
3	inter	3.R	4.R	1	1	1	58961515	59091059	3.O	4.O	4	6	-1	1	102840138	103037126	67391921	67534056	50000	79544	1
4	inter	4.R	5.R	1	1	1	58994186	59175167	4.O	5.O	6	4	1	1	67436905	67594251	94545056	94663216	50000	130981	1
5	inter	5.R	6.R	1	1	1	67473846	67682065	5.O	6.O	4	6	1	-1	102840138	103037126	67391921	67534056	50000	158219	1
6	inter	6.R	7.R	1	1	1	68193448	68641141	6.O	7.O	6	3	-1	-1	66440571	66943570	159548077	159599783	50000	397693	1
7	inter	7.R	8.R	1	1	1	89537512	89649071	7.O	8.O	3	5	-1	1	142079726	142213659	105473123	105638087	50000	61559	1
8	intra	8.R	9.R	1	1	1	89611121	89753267	8.O	9.O	5	5	1	-1	105721159	105889812	105473123	105638087	50000	92146	1
9	intra	9.R	10.R	1	1	1	89801445	90034157	9.O	10.O	5	5	-1	1	104884555	105493829	105721159	105889812	50000	182712	1
10	inter	10.R	11.R	1	1	1	93778167	93959231	10.O	11.O	5	3	1	-1	108659563	108792019	122277766	122430963	50000	131064	1
11	intra	11.R	12.R	1	1	1	120479705	120613992	11.O	12.O	3	3	-1	-1	97826824	97935841	97809493	97917506	50000	84287	1
12	inter	12.R	13.R	1	1	1	120553398	143980544	12.O	13.O	3	1	-1	-1	97770209	97875984	133358599	133526075	50000	23377146	1
13	inter	13.R	14.R	1	1	1	143987100	144924792	13.O	14.O	1	3	-1	1	133264555	133367342	97464217	97564255	50000	887692	1
14	intra	14.R	15.R	1	1	1	145162309	145313510	14.O	15.O	3	3	1	1	97770209	97875984	97809493	97917506	50000	101201	1
15	intra	15.R	16.R	1	1	1	145231683	145463154	15.O	16.O	3	3	1	1	97826824	97935841	96167147	96378970	50000	181471	1
16	intra	16.R	17.R	1	1	1	145697131	146676152	16.O	17.O	3	3	1	-1	96604240	96759103	97428182	97543746	50000	929021	1
17	intra	17.R	18.R	1	1	1	147350694	149088969	17.O	18.O	3	3	-1	-1	96604240	96759103	97464217	97564255	50000	1688275	1
18	intra	18.R	19.R	1	1	1	149018494	149907810	18.O	19.O	3	3	-1	-1	97428182	97543746	96024056	96266940	50000	839316	1
19	inter	19.R	20.R	1	1	1	158019995	158439823	19.O	20.O	3	8	-1	-1	86809633	86932570	86015879	86144730	50000	369828	1
20	inter	20.R	21.R	1	1	1	158346178	158567048	20.O	21.O	8	1	-1	-1	85933214	86109568	176329604	176469305	50000	170870	1
21	intra	21.R	22.R	1	1	1	205864377	206247380	21.O	22.O	1	1	-1	1	133521484	133688974	133358599	133526075	50000	333003	1
22	intra	22.R	23.R	1	1	1	206281147	206559996	22.O	23.O	1	1	1	-1	133521484	133688974	133264555	133367342	50000	228849	1
23	intra	23.R	24.R	1	1	1	207483088	207626263	23.O	24.O	1	1	-1	-1	132205878	132337942	196996977	197195432	50000	93175	1
24	intra	24.R	25.R	1	1	1	213917550	214019280	24.O	25.O	1	1	-1	1	192133149	192240113	192121981	192227755	50000	51730	1
25	intra	25.R	26.R	1	1	1	213922706	214035996	25.O	26.O	1	1	1	-1	192133149	192240113	192121981	192227755	50000	63290	1
26	inter	26.R	27.R	1	1	1	224298903	224412882	26.O	27.O	1	6	-1	-1	184159852	184293938	65051509	65247319	50000	63979	1
27	inter	27.R	28.R	1	1	1	224313418	224427277	27.O	28.O	6	1	-1	-1	65046844	65150980	184159852	184293938	50000	63859	1
28	intra	28.R	29.R	1	1	1	224327889	224430032	28.O	29.O	1	1	-1	1	184011580	184259240	182882091	183039806	50000	52143	1
29	intra	29.R	30.R	1	1	1	225927055	226066453	29.O	30.O	1	1	1	-1	184011580	184259240	182882091	183039806	50000	89398	1
30	inter	30.R	31.R	1	1	1	227569755	227671781	30.O	31.O	1	14	-1	-1	181707915	181843640	57234823	57337091	50000	52026	1
31	inter	31.R	32.R	1	1	1	227572178	227970151	31.O	32.O	14	11	-1	-1	57204665	57334429	59219051	59350587	50000	347973	1
32	inter	32.R	33.R	1	1	1	228649605	228921557	32.O	33.O	11	8	-1	1	58429554	58782723	126007220	126227922	50000	221952	1
33	inter	33.R	34.R	1	1	1	235268430	235380206	33.O	34.O	8	13	1	-1	129439525	129610372	14241641	14368672	50000	61776	1
34	inter	34.R	35.R	1	1	1	240024297	240226085	34.O	35.O	13	3	-1	-1	9751850	9924698	96167147	96378970	50000	151788	1
35	inter	35.R	36.R	1	1	1	240126291	240271579	35.O	36.O	3	1	-1	1	96024056	96266940	176329604	176469305	50000	95288	1
36	intra	36.R	37.R	1	1	1	247074592	247443274	36.O	37.O	1	1	1	1	181707915	181843640	46013886	46521379	50000	318682	1
37	inter	37.R	38.R	1	1	1	247345182	247513840	37.O	38.O	1	11	1	1	46423776	46914406	59219051	59350587	50000	118658	1
38	inter	38.R	39.R	1	1	1	247571536	247885514	38.O	39.O	11	7	1	1	59339624	59499637	91838534	93504789	50000	263978	1
39	inter	39.R	40.R	1	1	1	247837096	247988220	39.O	40.O	7	13	1	1	93484919	93918305	65163856	65303542	50000	101124	1
40	inter	40.R	41.R	1	1	1	247889098	248047213	40.O	41.O	13	11	1	1	65204420	67024819	58272755	58406586	50000	108115	1
41	inter	41.R	42.R	1	1	1	248009380	248147230	41.O	42.O	11	16	1	-1	58429554	58782723	19556601	19726111	50000	87850	1
42	inter	42.R	43.R	1	1	1	248104470	248235399	42.O	43.O	16	11	-1	-1	18920403	19564828	58254107	58372335	50000	80929	1
43	inter	43.R	44.R	1	1	1	248213565	248591383	43.O	44.O	11	14	-1	-1	58209785	58353369	14967101	15210654	50000	327818	1
44	intra	44.R	45.R	1	1	1	248501760	248619476	44.O	45.O	14	14	-1	1	14903367	15057748	14967101	15210654	50000	67716	1
45	inter	45.R	46.R	1	1	1	248520317	248912279	45.O	46.O	14	11	1	-1	15111495	15479255	58209785	58353369	50000	341962	1
46	intra	349.R	350.R	10	1	1	2244447	2377448	349.O	350.O	13	13	-1	1	7561354	7698162	7401835	7533010	50000	83001	1
47	intra	350.R	351.R	10	1	1	2393930	2511409	350.O	351.O	13	13	1	-1	7561354	7698162	7401835	7533010	50000	67479	1
48	inter	351.R	352.R	10	1	1	5805210	5970166	351.O	352.O	13	2	-1	-1	3168900	3587557	11661446	11995276	50000	114956	1
49	intra	352.R	353.R	10	1	1	15379492	15545704	352.O	353.O	2	2	-1	1	74683	3074683	11661446	11995276	50000	116212	1
50	inter	353.R	354.R	10	1	1	27105434	27361774	353.O	354.O	2	6	1	1	22857407	22973714	118377843	118511977	50000	206340	1
51	inter	354.R	355.R	10	1	1	27300175	27450894	354.O	355.O	6	2	1	-1	118440571	118587258	23002564	23107776	50000	100719	1
52	inter	355.R	356.R	10	1	1	27481075	27585322	355.O	356.O	2	11	-1	1	22857407	22973714	103208590	103366757	50000	54247	1
53	inter	356.R	357.R	10	1	1	27487558	27721326	356.O	357.O	11	18	1	1	103414577	103515875	6480130	6757433	50000	183768	1
54	intra	357.R	358.R	10	1	1	28861967	29005740	357.O	358.O	18	18	1	1	7879051	8093294	3386292	3547371	50000	93773	1
55	intra	358.R	359.R	10	1	1	29549067	29796820	358.O	359.O	18	18	1	-1	4131140	4231145	5068772	5168836	50000	197753	1
56	intra	359.R	360.R	10	1	1	30851797	31056609	359.O	360.O	18	18	-1	1	4131140	4231145	5068772	5168836	50000	154812	1
57	inter	360.R	361.R	10	1	1	32627475	33065639	360.O	361.O	18	8	1	-1	6480130	6757433	131355510	131738871	50000	388164	1
58	inter	361.R	362.R	10	1	1	35100948	35347542	361.O	362.O	8	18	-1	-1	129439525	129610372	3386292	3547371	50000	196594	1
59	intra	362.R	363.R	10	1	1	35451302	35675985	362.O	363.O	18	18	-1	-1	317017	3317017	9399667	9632935	50000	174683	1
60	inter	363.R	364.R	10	1	1	37007943	38171246	363.O	364.O	18	6	-1	1	7879051	8093294	118318503	118429617	50000	1113303	1
61	intra	364.R	365.R	10	1	1	38211205	43329943	364.O	365.O	6	6	1	-1	118377843	118511977	118318503	118429617	50000	5068738	1
62	inter	365.R	366.R	10	1	1	46109189	47015000	365.O	366.O	6	14	-1	-1	116158978	116273692	34989322	35091246	50000	855811	1
63	intra	366.R	367.R	10	1	1	51321085	51629202	366.O	367.O	14	14	-1	1	32943862	33065418	32856013	33034008	50000	258117	1
64	inter	367.R	368.R	10	1	1	51542625	51879430	367.O	368.O	14	6	1	1	32943862	33065418	116092910	116209095	50000	286805	1
65	inter	368.R	369.R	10	1	1	51839497	52006665	368.O	369.O	6	19	1	1	116158978	116273692	31992678	32128306	50000	117168	1
66	intra	369.R	370.R	10	1	1	52359022	52598879	369.O	370.O	19	19	1	-1	32428167	32604927	31992678	32128306	50000	189857	1
67	inter	370.R	371.R	10	1	1	54484532	55220482	370.O	371.O	19	10	-1	-1	30199956	30354158	74327571	74465813	50000	685950	1
68	inter	371.R	372.R	10	1	1	74806919	74924157	371.O	372.O	10	14	-1	1	58636332	58835851	21045761	21169852	50000	67238	1
69	intra	372.R	373.R	10	1	1	81204715	81730692	372.O	373.O	14	14	1	1	26575604	26738388	41885861	42017774	50000	475977	1
70	intra	373.R	374.R	10	1	1	81659313	81976707	373.O	374.O	14	14	1	-1	41948941	44948941	26643730	27282625	50000	267394	1
71	intra	374.R	375.R	10	1	1	81882588	82083571	374.O	375.O	14	14	-1	-1	26575604	26738388	41885861	42017774	50000	150983	1
72	inter	375.R	376.R	10	1	1	88924015	89310673	375.O	376.O	14	19	-1	1	34989322	35091246	32428167	32604927	50000	336658	1
73	intra	377.R	378.R	11	1	1	17303015	17457373	377.O	378.O	7	7	1	1	123634013	123826968	53250786	53402996	50000	104358	1
74	inter	378.R	379.R	11	1	1	25569145	26380938	378.O	379.O	7	2	1	-1	62754056	63099652	110767227	111704583	50000	761793	1
75	inter	379.R	380.R	11	1	1	57689776	57858421	379.O	380.O	2	19	-1	-1	84255234	84408996	13963544	14159327	50000	118645	1
76	inter	380.R	381.R	11	1	1	68657167	68798087	380.O	381.O	19	7	-1	-1	311471	3311471	152457674	152524553	50000	90920	1
77	intra	381.R	382.R	11	1	1	71159457	71677197	381.O	382.O	7	7	-1	-1	148033848	151033848	109176365	109277291	50000	467740	1
78	inter	382.R	383.R	11	1	1	89381632	89918735	382.O	383.O	7	9	-1	-1	93484919	93918305	18139593	18311999	50000	487103	1
79	intra	383.R	384.R	11	1	1	107381575	107511333	383.O	384.O	9	9	-1	-1	388508	3388508	53773579	53924910	50000	79758	1
80	intra	385.R	386.R	12	1	1	319210	442764	385.O	386.O	6	6	-1	-1	121153880	121302729	120341005	120473765	50000	73554	1
81	intra	386.R	387.R	12	1	1	2757115	2954315	386.O	387.O	6	6	-1	-1	118440571	118587258	128338520	128484895	50000	147200	1
82	intra	387.R	388.R	12	1	1	7660099	7852263	387.O	388.O	6	6	-1	1	123188951	124279102	122467412	122578924	50000	142164	1
83	intra	388.R	389.R	12	1	1	8642490	8806857	388.O	389.O	6	6	1	-1	123188951	124279102	122462515	122565854	50000	114367	1
84	intra	389.R	390.R	12	1	1	9175471	9282684	389.O	390.O	6	6	-1	-1	121573716	121674746	121567223	121668112	50000	57213	1
85	inter	390.R	391.R	12	1	1	9215584	9338195	390.O	391.O	6	X	-1	-1	121373632	121638784	35341510	35592845	50000	72611	1
86	inter	391.R	392.R	12	1	1	9238303	9357205	391.O	392.O	X	6	-1	-1	34682857	35441402	121573716	121674746	50000	68902	1
87	intra	392.R	393.R	12	1	1	9263039	9431981	392.O	393.O	6	6	-1	1	121567223	121668112	128338520	128484895	50000	118942	1
88	intra	393.R	394.R	12	1	1	16973245	17079979	393.O	394.O	6	6	1	-1	138564783	138670190	138612461	138720867	50000	56734	1
89	intra	394.R	395.R	12	1	1	17054714	17163594	394.O	395.O	6	6	-1	1	138564783	138670190	138612461	138720867	50000	58880	1
90	inter	395.R	396.R	12	1	1	32486558	32602749	395.O	396.O	6	16	1	-1	149461222	149517037	16550001	16723348	50000	66191	1
91	inter	396.R	397.R	12	1	1	32999630	33573921	396.O	397.O	16	15	-1	1	16090867	16263502	89366775	89657468	50000	524291	1
92	inter	397.R	398.R	12	1	1	54955118	55245658	397.O	398.O	15	6	1	1	103346040	103467416	122462515	122565854	50000	240540	1
93	inter	398.R	399.R	12	1	1	55147256	55406721	398.O	399.O	6	10	1	-1	122467412	122578924	129749131	129993255	50000	209465	1
94	intra	399.R	400.R	12	1	1	104290698	104395347	399.O	400.O	10	10	-1	1	85928943	86204907	81057895	82132901	50000	54649	1
95	inter	400.R	401.R	12	1	1	108119387	108375559	400.O	401.O	10	5	1	1	85341588	85451774	113689596	113848393	50000	206172	1
96	intra	401.R	402.R	12	1	1	110430281	110612704	401.O	402.O	5	5	1	-1	115209357	115399780	123014167	123143792	50000	132423	1
97	intra	402.R	403.R	12	1	1	121441820	121620478	402.O	403.O	5	5	-1	1	115209357	115399780	123014167	123143792	50000	128658	1
98	intra	403.R	404.R	12	1	1	132285571	132429197	403.O	404.O	5	5	1	-1	130062252	130179021	111189098	111307697	50000	93626	1
99	inter	404.R	405.R	12	1	1	133404227	133659524	404.O	405.O	5	2	-1	1	110497650	110619387	23009482	23140194	50000	205297	1
100	inter	406.R	407.R	13	1	1	19679602	20257792	406.O	407.O	16	14	-1	1	17585670	17688610	57234823	57337091	50000	528190	1
101	intra	407.R	408.R	13	1	1	23313343	23827999	407.O	408.O	14	14	1	-1	59673527	59878761	61814623	61952810	50000	464656	1
102	inter	408.R	409.R	13	1	1	24415687	24745175	408.O	409.O	14	1	-1	1	61333408	61448603	118433914	118576098	50000	279488	1
103	inter	409.R	410.R	13	1	1	24646278	24747993	409.O	410.O	1	14	1	1	118477181	118606270	61012451	61268246	50000	51715	1
104	intra	410.R	411.R	13	1	1	24831226	25066723	410.O	411.O	14	14	1	-1	61333408	61448603	57204665	57334429	50000	185497	1
105	intra	411.R	412.R	13	1	1	25014961	25284154	411.O	412.O	14	14	-1	1	57153138	57264097	56780209	57006524	50000	219193	1
106	inter	412.R	413.R	13	1	1	25457283	25721223	412.O	413.O	14	17	1	1	57153138	57264097	26354285	26456316	50000	213940	1
107	intra	413.R	414.R	13	1	1	25621783	25722118	413.O	414.O	17	17	1	1	26356894	26456894	26357180	26457215	50000	50335	1
108	inter	414.R	415.R	13	1	1	25622714	25735156	414.O	415.O	17	14	1	-1	26357782	26462618	61012451	61268246	50000	62442	1
109	inter	415.R	416.R	13	1	1	26586991	26836947	415.O	416.O	14	5	-1	1	60166621	60282126	146001998	147070798	50000	199956	1
110	intra	416.R	417.R	13	1	1	34164545	34334843	416.O	417.O	5	5	1	-1	152162148	152495508	152481932	152537259	50000	120298	1
111	inter	417.R	418.R	13	1	1	34360412	34531690	417.O	418.O	5	3	-1	-1	152162148	152495508	56923695	57106913	50000	121278	1
112	inter	418.R	419.R	13	1	1	41196993	41353546	418.O	419.O	3	8	-1	-1	51970484	52117234	23489845	23607027	50000	106553	1
113	inter	419.R	420.R	13	1	1	41379922	41487796	419.O	420.O	8	19	-1	-1	23327901	23505487	24900491	25024722	50000	57874	1
114	inter	420.R	421.R	13	1	1	41388040	41545636	420.O	421.O	19	14	-1	-1	24849281	25000246	79937793	80045173	50000	107596	1
115	intra	421.R	422.R	13	1	1	49744856	49872227	421.O	422.O	14	14	-1	-1	72841516	72982188	60166621	60282126	50000	77371	1
116	intra	422.R	423.R	13	1	1	50091461	50254578	422.O	423.O	14	14	-1	1	59673527	59878761	61853554	61979574	50000	113117	1
117	inter	423.R	424.R	13	1	1	52305089	52489463	423.O	424.O	14	8	1	1	63540515	63723653	20133585	23133585	50000	134374	1
118	intra	424.R	425.R	13	1	1	52680312	52984148	424.O	425.O	8	8	1	-1	23222898	23329244	23327901	23505487	50000	253836	1
119	inter	425.R	426.R	13	1	1	52999245	53267593	425.O	426.O	8	17	-1	-1	23222898	23329244	39723898	39823924	50000	218348	1
120	inter	426.R	427.R	13	1	1	53167895	53281664	426.O	427.O	17	14	-1	1	38422944	39823599	79937793	80045173	50000	63769	1
121	intra	427.R	428.R	13	1	1	54974140	55083088	427.O	428.O	14	14	1	-1	81857899	81963138	81863556	82025819	50000	58948	1
122	intra	428.R	429.R	13	1	1	54983505	55146834	428.O	429.O	14	14	-1	1	81857899	81963138	81863556	82025819	50000	113329	1
123	intra	429.R	430.R	13	1	1	55132042	55239020	429.O	430.O	14	14	1	-1	82018465	82135558	82035894	82165872	50000	56978	1
124	intra	430.R	431.R	13	1	1	55139359	55257605	430.O	431.O	14	14	-1	1	82018465	82135558	82035894	82165872	50000	68246	1
125	intra	431.R	432.R	13	1	1	55867607	55985479	431.O	432.O	14	14	1	-1	82749078	82881135	82783885	82893709	50000	67872	1
126	intra	432.R	433.R	13	1	1	55886456	55999255	432.O	433.O	14	14	-1	-1	82749078	82881135	82798121	82912499	50000	62799	1
127	intra	433.R	434.R	13	1	1	55904610	56018749	433.O	434.O	14	14	-1	1	82783885	82893709	82798121	82912499	50000	64139	1
128	intra	434.R	435.R	13	1	1	56004488	56149809	434.O	435.O	14	14	1	-1	82884038	83013810	83115289	83223949	50000	95321	1
129	intra	435.R	436.R	13	1	1	56223410	56348766	435.O	436.O	14	14	-1	1	82884038	83013810	83115289	83223949	50000	75356	1
130	intra	436.R	437.R	13	1	1	64195700	64304783	436.O	437.O	14	14	1	-1	90678969	90784320	90684702	90811221	50000	59083	1
131	intra	437.R	438.R	13	1	1	64205171	64353355	437.O	438.O	14	14	-1	-1	90678969	90784320	90717462	90829194	50000	98184	1
132	intra	438.R	439.R	13	1	1	64258693	64394250	438.O	439.O	14	14	-1	1	90684702	90811221	90717462	90829194	50000	85557	1
133	inter	439.R	440.R	13	1	1	103095318	103299389	439.O	440.O	14	1	1	1	125124857	125194864	43834572	44040934	50000	154071	1
134	inter	440.R	441.R	13	1	1	103475657	103584559	440.O	441.O	1	8	1	1	44186040	44436905	4718204	4835062	50000	58902	1
135	intra	442.R	443.R	14	1	1	20354618	20488658	442.O	443.O	14	14	-1	1	50697228	50809521	50499249	50792790	50000	84040	1
136	intra	443.R	444.R	14	1	1	20394724	20578173	443.O	444.O	14	14	1	-1	50697228	50809521	50499249	50792790	50000	133449	1
137	intra	444.R	445.R	14	1	1	20562803	20697563	444.O	445.O	14	14	-1	1	50361103	50564568	50918725	51094373	50000	84760	1
138	inter	445.R	446.R	14	1	1	25053381	25208310	445.O	446.O	14	12	1	1	56780209	57006524	45651144	45789339	50000	104929	1
139	inter	446.R	447.R	14	1	1	52155685	52338358	446.O	447.O	12	14	1	-1	71959087	74959087	20800775	20946589	50000	132673	1
140	intra	447.R	448.R	14	1	1	52543455	52748374	447.O	448.O	14	14	-1	-1	19962679	20577010	45472877	45656277	50000	154919	1
141	intra	448.R	449.R	14	1	1	52693352	52828420	448.O	449.O	14	14	-1	1	42521006	45521006	45472877	45656277	50000	85068	1
142	intra	450.R	451.R	15	1	1	23036345	23861233	450.O	451.O	7	7	1	-1	63224890	63390357	69514634	70249998	50000	774888	1
143	intra	451.R	452.R	15	1	1	28475436	29181286	451.O	452.O	7	7	-1	1	63224890	63390357	71468292	71697000	50000	655850	1
144	inter	452.R	453.R	15	1	1	30316168	30977347	452.O	453.O	7	5	1	-1	72731429	72839880	87340202	87476475	50000	611179	1
145	inter	453.R	454.R	15	1	1	30881944	31246965	453.O	454.O	5	7	-1	-1	87305446	87439770	71468292	71697000	50000	315021	1
146	inter	454.R	455.R	15	1	1	32459279	32967297	454.O	455.O	7	2	-1	-1	69514634	70249998	113632212	113834863	50000	458018	1
147	intra	455.R	456.R	15	1	1	34609314	35043807	455.O	456.O	2	2	-1	1	111882434	112130089	113632212	113834863	50000	384493	1
148	inter	456.R	457.R	15	1	1	51246856	51400106	456.O	457.O	2	9	1	1	126844274	126962576	53773579	53924910	50000	103250	1
149	intra	457.R	458.R	15	1	1	51864976	52022634	457.O	458.O	9	9	1	-1	54299433	54427917	75482858	75617288	50000	107658	1
150	intra	458.R	459.R	15	1	1	75971954	76170196	458.O	459.O	9	9	-1	1	56642723	56744265	54904585	55034607	50000	148242	1
151	intra	459.R	460.R	15	1	1	78114000	78336932	459.O	460.O	9	9	1	1	56642723	56744265	90044644	90146539	50000	172932	1
152	intra	460.R	461.R	15	1	1	78319884	78431254	460.O	461.O	9	9	1	1	90115439	90258827	54299433	54427917	50000	61370	1
153	intra	461.R	462.R	15	1	1	78949288	79101829	461.O	462.O	9	9	1	-1	54904585	55034607	90044644	90146539	50000	102541	1
154	inter	462.R	463.R	15	1	1	80131616	80286900	462.O	463.O	9	17	-1	1	88368041	89160128	17723560	17835821	50000	105284	1
155	inter	463.R	464.R	15	1	1	80187924	80369376	463.O	464.O	17	7	1	-1	17736849	18013911	91838534	93504789	50000	131452	1
156	intra	464.R	465.R	15	1	1	82483704	83265183	464.O	465.O	7	7	-1	1	89770152	89870156	88428866	88544670	50000	731479	1
157	intra	465.R	466.R	15	1	1	84720820	85193706	465.O	466.O	7	7	1	1	89770152	89870156	87950551	88055280	50000	422886	1
158	intra	466.R	467.R	15	1	1	85631726	85909518	466.O	467.O	7	7	1	1	88428866	88544670	82424230	82579423	50000	227792	1
159	intra	467.R	468.R	15	1	1	90765360	90908928	467.O	468.O	7	7	1	-1	87360183	87464855	87950551	88055280	50000	93568	1
160	intra	468.R	469.R	15	1	1	91515495	91668993	468.O	469.O	7	7	-1	-1	87360183	87464855	82424230	82579423	50000	103498	1
161	intra	469.R	470.R	15	1	1	99022254	99130563	469.O	470.O	7	7	-1	1	75365480	75484981	74922325	75030863	50000	58309	1
162	intra	470.R	471.R	15	1	1	99504127	99623602	470.O	471.O	7	7	1	-1	75365480	75484981	74922325	75030863	50000	69475	1
163	inter	471.R	472.R	15	1	1	102214542	102395940	471.O	472.O	7	2	-1	-1	72731429	72839880	111799325	111911136	50000	131398	1
164	intra	472.R	473.R	15	1	1	102319243	102419367	472.O	473.O	2	2	-1	-1	110767227	111704583	111882434	112130089	50000	50124	1
165	inter	474.R	475.R	16	1	1	53585	154017	474.O	475.O	2	11	-1	1	181539866	181649166	32035705	32155622	50000	50432	1
166	inter	475.R	476.R	16	1	1	154297	263084	475.O	476.O	11	17	1	-1	32127906	32253008	26396790	26537089	50000	58787	1
167	intra	476.R	477.R	16	1	1	199239	306022	476.O	477.O	17	17	-1	-1	26357782	26462618	26354285	26456316	50000	56783	1
168	intra	477.R	478.R	16	1	1	2720267	2852657	477.O	478.O	17	17	-1	1	24083800	24225168	23866896	23990170	50000	82390	1
169	inter	478.R	479.R	16	1	1	2821436	2922584	478.O	479.O	17	6	1	-1	23959831	24181565	65147672	65381437	50000	51148	1
170	inter	479.R	480.R	16	1	1	2822938	2953865	479.O	480.O	6	17	-1	1	65051509	65247319	23959831	24181565	50000	80927	1
171	intra	480.R	481.R	16	1	1	2856250	2996472	480.O	481.O	17	17	1	-1	24083800	24225168	23866896	23990170	50000	90222	1
172	inter	481.R	482.R	16	1	1	3149788	3304259	481.O	482.O	17	16	-1	1	22054975	23738056	642410	3642410	50000	104471	1
173	intra	482.R	483.R	16	1	1	14725543	15170509	482.O	483.O	16	16	1	-1	13669394	13832137	13797874	13904484	50000	394966	1
174	intra	483.R	484.R	16	1	1	15128550	15551678	483.O	484.O	16	16	-1	1	13738948	13840727	13894817	13996648	50000	373128	1
175	inter	484.R	485.R	16	1	1	16182352	16294021	484.O	485.O	16	7	1	1	14423035	14751661	53147985	53282237	50000	61669	1
176	intra	485.R	486.R	16	1	1	16265554	16810110	485.O	486.O	7	7	1	-1	53234406	53339289	125122754	125302618	50000	494556	1
177	intra	486.R	487.R	16	1	1	18247482	18604937	486.O	487.O	7	7	-1	-1	123634013	123826968	53250786	53402996	50000	307455	1
178	intra	487.R	488.R	16	1	1	18523252	18844335	487.O	488.O	7	7	-1	1	53234406	53339289	125122754	125302618	50000	271083	1
179	intra	488.R	489.R	16	1	1	18895075	19067004	488.O	489.O	7	7	1	-1	125348233	125540770	125662899	125820716	50000	121929	1
180	intra	489.R	490.R	16	1	1	19287432	19505493	489.O	490.O	7	7	-1	1	125348233	125540770	125662899	125820716	50000	168061	1
181	intra	490.R	491.R	16	1	1	21299798	21658477	490.O	491.O	7	7	1	1	127434076	127593987	128109152	128226225	50000	308679	1
182	inter	491.R	492.R	16	1	1	21756996	21873856	491.O	492.O	7	16	1	-1	128287658	128396189	13738948	13840727	50000	66860	1
183	inter	492.R	493.R	16	1	1	21780032	22000070	492.O	493.O	16	7	-1	1	13669394	13832137	127434076	127593987	50000	170038	1
184	intra	493.R	494.R	16	1	1	22360790	22683205	493.O	494.O	7	7	1	1	128089060	128208917	128287658	128396189	50000	272415	1
185	intra	494.R	495.R	16	1	1	28285127	28441626	494.O	495.O	7	7	1	1	133388492	133493265	133596964	133740962	50000	106499	1
186	inter	495.R	496.R	16	1	1	28565875	28681397	495.O	496.O	7	16	1	-1	133766327	133893819	13894817	13996648	50000	65522	1
187	inter	496.R	497.R	16	1	1	28584759	28884323	496.O	497.O	16	7	-1	-1	13853113	13990852	133596964	133740962	50000	249564	1
188	intra	497.R	498.R	16	1	1	28970774	29711014	497.O	498.O	7	7	-1	-1	133393449	133550764	134271835	134387523	50000	690240	1
189	intra	498.R	499.R	16	1	1	30149850	30414496	498.O	499.O	7	7	-1	1	133766327	133893819	134271835	134387523	50000	214646	1
190	inter	499.R	500.R	16	1	1	31469668	35087223	499.O	500.O	7	13	1	-1	135391571	139009126	62374080	62536498	50000	3567555	1
191	inter	500.R	501.R	16	1	1	34987486	46665654	500.O	501.O	13	8	-1	1	60814477	62473817	4473642	4786107	50000	11628168	1
192	intra	501.R	502.R	16	1	1	46602177	46743776	501.O	502.O	8	8	1	1	4718204	4835062	87569682	87834465	50000	91599	1
193	inter	502.R	503.R	16	1	1	69925640	70101946	502.O	503.O	8	16	1	1	110032493	110154287	13797874	13904484	50000	126306	1
194	inter	503.R	504.R	16	1	1	70049764	70204520	503.O	504.O	16	8	1	1	13853113	13990852	113531044	113675888	50000	104756	1
195	intra	504.R	505.R	16	1	1	70140722	70335034	504.O	505.O	8	8	1	-1	113608852	113727212	113531044	113675888	50000	144312	1
196	intra	505.R	506.R	16	1	1	74290179	74531337	505.O	506.O	8	8	-1	1	110032493	110154287	113608852	113727212	50000	191158	1
197	inter	506.R	507.R	16	1	1	90058945	90176985	506.O	507.O	8	17	1	1	126007220	126227922	15614167	15740463	50000	68040	1
198	intra	508.R	509.R	17	1	1	1179603	1297786	508.O	509.O	11	11	1	-1	76483579	76590142	75529130	75640492	50000	68183	1
199	intra	509.R	510.R	17	1	1	4463186	4584899	509.O	510.O	11	11	-1	1	72123318	72251864	70085899	70208049	50000	71713	1
200	intra	510.R	511.R	17	1	1	6683643	6847161	510.O	511.O	11	11	1	-1	72123318	72251864	70085899	70208049	50000	113518	1
201	intra	511.R	512.R	17	1	1	15569424	15861885	511.O	512.O	11	11	-1	1	62495529	62644351	61973184	62082815	50000	242461	1
202	intra	512.R	513.R	17	1	1	16422651	16974580	512.O	513.O	11	11	1	1	62495529	62644351	59339624	59499637	50000	501929	1
203	intra	513.R	514.R	17	1	1	18207135	18818555	513.O	514.O	11	11	1	-1	60567914	60679982	61520592	61639156	50000	561420	1
204	intra	514.R	515.R	17	1	1	19596646	19727471	514.O	515.O	11	11	-1	1	60938934	61077084	61520592	61639156	50000	80825	1
205	intra	515.R	516.R	17	1	1	20156307	20727779	515.O	516.O	11	11	1	-1	61973184	62082815	86236882	86348358	50000	521472	1
206	intra	516.R	517.R	17	1	1	20678288	20956341	516.O	517.O	11	11	-1	1	86201279	86313838	60836771	61017970	50000	228053	1
207	intra	517.R	518.R	17	1	1	20896834	21123236	517.O	518.O	11	11	1	1	60938934	61077084	60580986	60707423	50000	176402	1
208	inter	518.R	519.R	17	1	1	21273183	21457866	518.O	519.O	11	7	1	-1	60836771	61017970	133393449	133550764	50000	134683	1
209	inter	519.R	520.R	17	1	1	21358050	25607936	519.O	520.O	7	11	-1	-1	133388492	133493265	79065667	79170596	50000	4199886	1
210	inter	520.R	521.R	17	1	1	28803791	29109095	520.O	521.O	11	X	-1	1	76483579	76590142	74858329	75701121	50000	255304	1
211	inter	521.R	522.R	17	1	1	29053386	29159843	521.O	522.O	X	11	1	1	75602807	75744746	79797605	79910116	50000	56457	1
212	intra	522.R	523.R	17	1	1	29276178	29429672	522.O	523.O	11	11	1	1	79962564	80072805	79065667	79170596	50000	103494	1
213	intra	523.R	524.R	17	1	1	30278053	30519728	523.O	524.O	11	11	1	1	79797605	79910116	79962564	80072805	50000	191675	1
214	intra	524.R	525.R	17	1	1	34346691	34899786	524.O	525.O	11	11	1	-1	83393457	83616986	84676789	84797389	50000	503095	1
215	intra	525.R	526.R	17	1	1	36136726	36239859	525.O	526.O	11	11	-1	1	83557212	83659659	83545144	83656936	50000	53133	1
216	intra	526.R	527.R	17	1	1	36140135	36425102	526.O	527.O	11	11	1	1	83557212	83659659	97062087	97169590	50000	234967	1
217	intra	527.R	528.R	17	1	1	42589438	42712004	527.O	528.O	11	11	1	-1	102420180	102522033	102459435	102576776	50000	72566	1
218	intra	528.R	529.R	17	1	1	42656054	42783661	528.O	529.O	11	11	-1	1	102420180	102522033	102459435	102576776	50000	77607	1
219	intra	529.R	530.R	17	1	1	43505515	43760418	529.O	530.O	11	11	1	1	103208590	103366757	103722505	103893010	50000	204903	1
220	intra	530.R	531.R	17	1	1	44250652	44769816	530.O	531.O	11	11	1	-1	104278457	104413842	103722505	103893010	50000	469164	1
221	intra	531.R	532.R	17	1	1	45054946	45245074	531.O	532.O	11	11	-1	1	103414577	103515875	104278457	104413842	50000	140128	1
222	intra	532.R	533.R	17	1	1	45442100	45704382	532.O	533.O	11	11	1	-1	104560851	104946329	97062087	97169590	50000	212282	1
223	intra	533.R	534.R	17	1	1	57991884	58171005	533.O	534.O	11	11	-1	-1	86236882	86348358	83545144	83656936	50000	129121	1
224	intra	534.R	535.R	17	1	1	58106948	58256396	534.O	535.O	11	11	-1	1	83393457	83616986	84676789	84797389	50000	99448	1
225	intra	535.R	536.R	17	1	1	60197808	60430981	535.O	536.O	11	11	1	1	86201279	86313838	104560851	104946329	50000	183173	1
226	intra	536.R	537.R	17	1	1	62670629	63057096	536.O	537.O	11	11	1	-1	106779269	106887710	109210911	109340131	50000	336467	1
227	intra	537.R	538.R	17	1	1	66007843	66296344	537.O	538.O	11	11	-1	1	106779269	106887710	109210911	109340131	50000	238501	1
228	inter	539.R	540.R	18	1	1	548800	669249	539.O	540.O	18	17	-1	-1	9399667	9632935	3044833	3164907	50000	70449	1
229	inter	540.R	541.R	18	1	1	595101	707871	540.O	541.O	17	5	-1	-1	138203	3138203	30349978	30481827	50000	62770	1
230	intra	541.R	542.R	18	1	1	623008	738799	541.O	542.O	5	5	-1	-1	30291446	30437526	32958850	33129373	50000	65791	1
231	inter	542.R	543.R	18	1	1	828071	928120	542.O	543.O	5	17	-1	1	32745127	32920730	93459855	93615164	50000	50049	1
232	intra	543.R	544.R	18	1	1	2513862	2622992	543.O	544.O	17	17	1	-1	95093338	95272651	71825067	71955235	50000	59130	1
233	inter	544.R	545.R	18	1	1	9904841	10253139	544.O	545.O	17	18	-1	1	65785287	65979376	62706047	62913833	50000	298298	1
234	intra	545.R	546.R	18	1	1	11234688	11462981	545.O	546.O	18	18	1	1	63623446	63753260	63654851	63786629	50000	178293	1
235	intra	546.R	547.R	18	1	1	11468772	11739553	546.O	547.O	18	18	1	1	63744114	63873754	67122159	67298172	50000	220781	1
236	intra	547.R	548.R	18	1	1	13866228	18579853	547.O	548.O	18	18	1	1	68539616	68703669	9980088	10114550	50000	4663625	1
237	intra	548.R	549.R	18	1	1	41007620	41461025	548.O	549.O	18	18	1	-1	31670340	31792222	80052143	80293800	50000	403405	1
238	intra	549.R	550.R	18	1	1	54194242	54320053	549.O	550.O	18	18	-1	1	68539616	68703669	63744114	63873754	50000	75811	1
239	inter	550.R	551.R	18	1	1	58177478	58382258	550.O	551.O	18	3	1	1	67122159	67298172	86716567	86909187	50000	154780	1
240	inter	551.R	552.R	18	1	1	58282712	58416332	551.O	552.O	3	1	1	1	86809633	86932570	104195321	105764613	50000	83620	1
241	inter	552.R	553.R	18	1	1	65891212	66390932	552.O	553.O	1	18	1	-1	114194633	115492320	90662647	90772031	50000	449720	1
242	intra	554.R	555.R	19	1	1	2763232	3039549	554.O	555.O	10	10	1	-1	80494728	80598446	81006972	81135399	50000	226317	1
243	intra	555.R	556.R	19	1	1	4121426	4224918	555.O	556.O	10	10	-1	1	80494728	80598446	81006972	81135399	50000	53492	1
244	inter	556.R	557.R	19	1	1	4169762	4284662	556.O	557.O	10	17	1	1	81057895	82132901	55908004	56145606	50000	64900	1
245	intra	557.R	558.R	19	1	1	6887417	7010328	557.O	558.O	17	17	1	-1	57568358	58483390	55908004	56145606	50000	72911	1
246	inter	558.R	559.R	19	1	1	6913724	7162370	558.O	559.O	17	8	-1	1	55603885	56003552	201037	3201037	50000	198646	1
247	inter	559.R	560.R	19	1	1	8276852	8417103	559.O	560.O	8	17	1	-1	4473642	4786107	33935609	34070276	50000	90251	1
248	inter	560.R	561.R	19	1	1	8758899	8973279	560.O	561.O	17	9	-1	1	33356586	33620063	18139593	18311999	50000	164380	1
249	intra	561.R	562.R	19	1	1	8968495	9254220	561.O	562.O	9	9	1	-1	18341328	18609186	18509779	19193217	50000	235725	1
250	intra	562.R	563.R	19	1	1	9154813	9263366	562.O	563.O	9	9	-1	-1	18341328	18609186	19093460	19332430	50000	58553	1
251	intra	563.R	564.R	19	1	1	9163609	9263666	563.O	564.O	9	9	-1	1	18509779	19193217	19093460	19332430	50000	50057	1
252	inter	564.R	565.R	19	1	1	11638591	11746089	564.O	565.O	9	7	1	-1	21885148	22174775	49331552	49794171	50000	57498	1
253	inter	565.R	566.R	19	1	1	11646230	12445314	565.O	566.O	7	5	-1	-1	49226983	49431418	130079555	130245477	50000	749084	1
254	inter	566.R	567.R	19	1	1	12345845	12445856	566.O	567.O	5	11	-1	1	130062252	130179021	32008333	32135562	50000	50011	1
255	inter	567.R	568.R	19	1	1	12345999	12804107	567.O	568.O	11	13	1	-1	32035705	32155622	62436762	62930262	50000	408108	1
256	inter	568.R	569.R	19	1	1	12704371	12809979	568.O	569.O	13	8	-1	-1	62374080	62536498	87569682	87834465	50000	55608	1
257	inter	569.R	570.R	19	1	1	14627745	14988329	569.O	570.O	8	16	-1	1	86015879	86144730	16550001	16723348	50000	310584	1
258	inter	570.R	571.R	19	1	1	14889035	15001800	570.O	571.O	16	10	1	-1	16624054	16918773	78448436	79040339	50000	62765	1
259	inter	571.R	572.R	19	1	1	15202850	15320452	571.O	572.O	10	17	-1	1	77866250	78032379	32148000	32307774	50000	67602	1
260	intra	572.R	573.R	19	1	1	15689634	15807895	572.O	573.O	17	17	1	-1	32615284	32729718	33019595	33455828	50000	68261	1
261	inter	573.R	574.R	19	1	1	15951198	16051221	573.O	574.O	17	8	-1	1	32762921	32882265	74472152	74572172	50000	50023	1
262	intra	574.R	575.R	19	1	1	15953244	16075114	574.O	575.O	8	8	1	1	74474899	74683680	74195191	74562958	50000	71870	1
263	inter	575.R	576.R	19	1	1	15985650	16109975	575.O	576.O	8	17	1	1	74472152	74572172	33019595	33455828	50000	74325	1
264	intra	576.R	577.R	19	1	1	16010733	16141730	576.O	577.O	17	17	1	-1	33356586	33620063	32762921	32882265	50000	80997	1
265	inter	577.R	578.R	19	1	1	16058357	16213128	577.O	578.O	17	8	-1	1	32615284	32729718	74474899	74683680	50000	104771	1
266	intra	578.R	579.R	19	1	1	16950776	17236219	578.O	579.O	8	8	1	1	75236583	75388511	73391108	73846198	50000	235443	1
267	intra	579.R	580.R	19	1	1	17749181	17881822	579.O	580.O	8	8	1	1	74145658	74252236	73371279	73484924	50000	82641	1
268	intra	580.R	581.R	19	1	1	17795239	17915961	580.O	581.O	8	8	1	-1	73391108	73846198	74195191	74562958	50000	70722	1
269	intra	581.R	582.R	19	1	1	17905228	18020763	581.O	582.O	8	8	-1	-1	74145658	74252236	73371279	73484924	50000	65535	1
270	inter	582.R	583.R	19	1	1	19724332	23360700	582.O	583.O	8	6	-1	-1	71669415	72365289	83501457	83645909	50000	3586368	1
271	inter	583.R	584.R	19	1	1	23261327	23830143	583.O	584.O	6	7	-1	1	83472442	83600822	49331552	49794171	50000	518816	1
272	inter	584.R	585.R	19	1	1	23730449	24059920	584.O	585.O	7	2	1	1	49694478	50656932	28275342	28382642	50000	279471	1
273	inter	585.R	586.R	19	1	1	23960696	28714377	585.O	586.O	2	7	1	1	28283417	28403942	47145879	47319186	50000	4703681	1
274	intra	586.R	587.R	19	1	1	28631205	28767667	586.O	587.O	7	7	1	-1	47226196	47519740	47145879	47319186	50000	86462	1
275	intra	587.R	588.R	19	1	1	29112311	29377386	587.O	588.O	7	7	-1	1	43923209	46923209	47226196	47519740	50000	215075	1
276	intra	588.R	589.R	19	1	1	30022999	30149653	588.O	589.O	7	7	1	-1	48154715	48631121	39003885	42003885	50000	76654	1
277	inter	589.R	590.R	19	1	1	41899953	42384814	589.O	590.O	7	17	-1	-1	26159690	26450278	39724089	40394236	50000	434861	1
278	inter	590.R	591.R	19	1	1	42284978	42391338	590.O	591.O	17	7	-1	1	39723898	39823924	25382440	25699831	50000	56360	1
279	intra	591.R	592.R	19	1	1	42904819	44010016	591.O	592.O	7	7	1	-1	26159690	26450278	25382440	25699831	50000	1055197	1
280	intra	592.R	593.R	19	1	1	48650220	48856316	592.O	593.O	7	7	-1	-1	13686930	13894887	53147985	53282237	50000	156096	1
281	inter	593.R	594.R	19	1	1	51984859	52242431	593.O	594.O	7	17	-1	1	49694478	50656932	17736849	18013911	50000	207572	1
282	inter	594.R	595.R	19	1	1	53316113	53843589	594.O	595.O	17	7	1	1	22016006	22153144	48531863	48631863	50000	477476	1
283	intra	595.R	596.R	19	1	1	53743793	54154503	595.O	596.O	7	7	1	1	48532064	49326110	206251	3206251	50000	360710	1
284	intra	47.R	48.R	2	1	1	8098829	8206509	47.O	48.O	12	12	-1	1	26238159	26348917	26169520	26279319	50000	57680	1
285	intra	48.R	49.R	2	1	1	8206228	8324832	48.O	49.O	12	12	1	-1	26238159	26348917	26169520	26279319	50000	68604	1
286	intra	49.R	50.R	2	1	1	9198542	9365251	49.O	50.O	12	12	-1	1	25348098	25479048	17748532	18536969	50000	116709	1
287	intra	50.R	51.R	2	1	1	10219514	10353165	50.O	51.O	12	12	1	1	25348098	25479048	17507557	17614418	50000	83651	1
288	intra	51.R	52.R	2	1	1	10517527	10630851	51.O	52.O	12	12	1	-1	17748532	18536969	17507557	17614418	50000	63324	1
289	inter	52.R	53.R	2	1	1	26311922	26422029	52.O	53.O	12	13	-1	-1	296857	3296857	64980515	65196315	50000	60107	1
290	inter	53.R	54.R	2	1	1	26323487	26446085	53.O	54.O	13	5	-1	1	64844563	65079359	30349978	30481827	50000	72598	1
291	inter	54.R	55.R	2	1	1	28973906	29088294	54.O	55.O	5	17	1	1	32745127	32920730	71825067	71955235	50000	64388	1
292	inter	55.R	56.R	2	1	1	53292321	53946303	55.O	56.O	17	11	1	-1	93459855	93615164	30952065	31215331	50000	603982	1
293	inter	56.R	57.R	2	1	1	68642075	68744939	56.O	57.O	11	6	-1	-1	16765626	16903582	87571875	87679913	50000	52864	1
294	inter	57.R	58.R	2	1	1	70967637	71080352	57.O	58.O	6	9	-1	-1	85861463	86017355	22075756	22187328	50000	62715	1
295	inter	58.R	59.R	2	1	1	70981351	71086890	58.O	59.O	9	6	-1	1	21885148	22174775	83501457	83645909	50000	55539	1
296	intra	59.R	60.R	2	1	1	73957032	74106087	59.O	60.O	6	6	1	-1	85861463	86017355	83472442	83600822	50000	99055	1
297	intra	60.R	61.R	2	1	1	89420514	90075461	60.O	61.O	6	6	-1	1	67783433	67913764	67436905	67594251	50000	604947	1
298	inter	61.R	62.R	2	1	1	90209988	91845521	61.O	62.O	6	5	1	1	67747606	67881763	38635794	38739096	50000	1585533	1
299	inter	62.R	63.R	2	1	1	91759392	95735803	62.O	63.O	5	2	1	-1	38644075	38761102	127436973	127584682	50000	3926411	1
300	inter	63.R	64.R	2	1	1	96985217	97216364	63.O	64.O	2	1	-1	1	126872678	126981604	36251084	36376249	50000	181147	1
301	inter	64.R	65.R	2	1	1	106760716	107364118	64.O	65.O	1	5	1	-1	43834572	44040934	87377242	87480029	50000	553402	1
302	inter	65.R	66.R	2	1	1	107264474	107364502	65.O	66.O	5	18	-1	1	87376794	87476886	63654009	63754160	50000	50028	1
303	inter	66.R	67.R	2	1	1	107264811	107468054	66.O	67.O	18	17	1	-1	63654468	63754626	55603885	56003552	50000	153243	1
304	inter	67.R	68.R	2	1	1	108874930	109117496	67.O	68.O	17	10	-1	1	53777283	54019318	57492501	57769580	50000	192566	1
305	inter	68.R	69.R	2	1	1	110323646	110830075	68.O	69.O	10	14	1	1	58636332	58835851	72791016	72899504	50000	456429	1
306	inter	69.R	70.R	2	1	1	110754218	110895261	69.O	70.O	14	2	1	1	72841516	72982188	127436973	127584682	50000	91043	1
307	inter	70.R	71.R	2	1	1	113547794	113661031	70.O	71.O	2	7	1	-1	129149627	129336304	48531863	48631863	50000	63237	1
308	inter	71.R	72.R	2	1	1	113561770	113832624	71.O	72.O	7	2	-1	1	48154715	48631121	23854353	24157137	50000	220854	1
309	inter	72.R	73.R	2	1	1	114086944	114307253	72.O	73.O	2	19	1	-1	24379906	24509454	24924918	25057999	50000	170309	1
310	inter	73.R	74.R	2	1	1	114207449	114488415	73.O	74.O	19	1	-1	-1	24900491	25024722	127473522	127597307	50000	230966	1
311	intra	74.R	75.R	2	1	1	122519208	122638353	74.O	75.O	1	1	-1	-1	120112380	120221728	115427896	115604482	50000	69145	1
312	intra	75.R	76.R	2	1	1	122568666	122673842	75.O	76.O	1	1	-1	1	114194633	115492320	115427896	115604482	50000	55176	1
313	intra	76.R	77.R	2	1	1	125234892	125334894	76.O	77.O	1	1	1	1	118034871	118162462	101853152	102110677	50000	50002	1
314	intra	77.R	78.R	2	1	1	125235322	125358898	77.O	78.O	1	1	1	1	104195321	105764613	118034871	118162462	50000	73576	1
315	inter	78.R	79.R	2	1	1	125471266	125571321	78.O	79.O	1	17	1	1	118275066	118389697	57568358	58483390	50000	50055	1
316	inter	79.R	80.R	2	1	1	125494731	125594746	79.O	80.O	17	1	1	1	58400028	59068681	118275066	118389697	50000	50015	1
317	intra	80.R	81.R	2	1	1	125628810	125775732	80.O	81.O	1	1	1	1	118433914	118576098	118477181	118606270	50000	96922	1
318	inter	81.R	82.R	2	1	1	126984682	127267008	81.O	82.O	1	18	1	-1	120112380	120221728	32756151	32950421	50000	232326	1
319	inter	82.R	83.R	2	1	1	128735654	128898819	82.O	83.O	18	1	-1	-1	31719321	31844017	36251084	36376249	50000	113165	1
320	inter	83.R	84.R	2	1	1	130616931	130968751	83.O	84.O	1	16	-1	-1	34886444	35001824	17585670	17688610	50000	301820	1
321	inter	84.R	85.R	2	1	1	130888274	131101755	84.O	85.O	16	5	-1	-1	17527203	17670300	110476116	110580404	50000	163481	1
322	inter	85.R	86.R	2	1	1	131002048	131148583	85.O	86.O	5	1	-1	1	109165178	110575830	34412215	34544674	50000	96535	1
323	intra	86.R	87.R	2	1	1	131857434	133189289	86.O	87.O	1	1	1	1	34886444	35001824	127473522	127597307	50000	1281855	1
324	inter	87.R	88.R	2	1	1	138552008	138772054	87.O	88.O	1	2	1	-1	132205878	132337942	23854353	24157137	50000	170046	1
325	intra	88.R	89.R	2	1	1	139487781	140100509	88.O	89.O	2	2	-1	-1	23041339	23227040	39298520	39417558	50000	562728	1
326	intra	89.R	90.R	2	1	1	140006433	140121395	89.O	90.O	2	2	-1	1	39031879	39371086	39298520	39417558	50000	64962	1
327	intra	90.R	91.R	2	1	1	184354602	184467271	90.O	91.O	2	2	1	-1	80805694	80909662	81061484	81177521	50000	62669	1
328	intra	91.R	92.R	2	1	1	184583452	184727076	91.O	92.O	2	2	-1	-1	80805694	80909662	81087377	81223031	50000	93624	1
329	intra	92.R	93.R	2	1	1	184644492	184783111	92.O	93.O	2	2	-1	1	81061484	81177521	81087377	81223031	50000	88619	1
330	inter	93.R	94.R	2	1	1	188342182	188740069	93.O	94.O	2	7	1	-1	84255234	84408996	13686930	13894887	50000	347887	1
331	inter	94.R	95.R	2	1	1	188641410	189116558	94.O	95.O	7	1	-1	1	13589472	13785606	44337767	44543821	50000	425148	1
332	intra	95.R	96.R	2	1	1	190454008	190578610	95.O	96.O	1	1	1	-1	46013886	46521379	53357795	53518382	50000	74602	1
333	intra	96.R	97.R	2	1	1	196552404	196669093	96.O	97.O	1	1	-1	1	46423776	46914406	53357795	53518382	50000	66689	1
334	intra	97.R	98.R	2	1	1	212653711	212760949	97.O	98.O	1	1	1	-1	68441763	68546108	68449165	68555506	50000	57238	1
335	intra	98.R	99.R	2	1	1	212665732	212775131	98.O	99.O	1	1	-1	1	68441763	68546108	68449165	68555506	50000	59399	1
336	intra	99.R	100.R	2	1	1	222898082	223005296	99.O	100.O	1	1	1	-1	77955976	78061309	77974178	78080336	50000	57214	1
337	intra	100.R	101.R	2	1	1	222918887	223024090	100.O	101.O	1	1	-1	1	77955976	78061309	77974178	78080336	50000	55203	1
338	intra	597.R	598.R	20	1	1	1397478	1800015	597.O	598.O	2	2	-1	1	151236014	151370036	129149627	129336304	50000	352537	1
339	intra	598.R	599.R	20	1	1	22325741	22433070	598.O	599.O	2	2	1	-1	147633216	147752171	147654180	147761960	50000	57329	1
340	intra	599.R	600.R	20	1	1	22335075	22444956	599.O	600.O	2	2	-1	1	147633216	147752171	147654180	147761960	50000	59881	1
341	intra	600.R	601.R	20	1	1	25556278	29895517	600.O	601.O	2	2	1	1	150816830	151334728	152252202	152394053	50000	4289239	1
342	inter	602.R	603.R	21	1	1	43380514	43541143	602.O	603.O	16	17	1	1	98133831	98319150	31027129	31141412	50000	110629	1
343	inter	603.R	604.R	21	1	1	45063959	45203974	603.O	604.O	17	10	1	-1	32148000	32307774	77866250	78032379	50000	90015	1
344	inter	605.R	606.R	22	1	1	17277219	17629658	605.O	606.O	14	6	-1	1	72739797	72889581	120341005	120473765	50000	302439	1
345	inter	606.R	607.R	22	1	1	18593039	19067354	606.O	607.O	6	16	1	1	121153880	121302729	17760057	17883985	50000	424315	1
346	intra	607.R	608.R	22	1	1	19123932	19368221	607.O	608.O	16	16	1	-1	17884671	18116796	18920403	19564828	50000	194289	1
347	intra	608.R	609.R	22	1	1	20257316	20827031	608.O	609.O	16	16	-1	-1	17884671	18116796	17760057	17883985	50000	519715	1
348	intra	609.R	610.R	22	1	1	20909383	21112339	609.O	610.O	16	16	-1	1	17590821	17690965	17213522	17330666	50000	152956	1
349	intra	610.R	611.R	22	1	1	21337271	21849196	610.O	611.O	16	16	1	1	17527203	17670300	17184531	17307413	50000	461925	1
350	intra	611.R	612.R	22	1	1	21755755	21920844	611.O	612.O	16	16	1	-1	17213522	17330666	17184531	17307413	50000	115089	1
351	inter	612.R	613.R	22	1	1	22549657	22892267	612.O	613.O	16	10	-1	-1	16624054	16918773	75452464	75575037	50000	292610	1
352	intra	613.R	614.R	22	1	1	22793604	23038762	613.O	614.O	10	10	-1	1	75361025	75551178	74993371	75097523	50000	195158	1
353	intra	614.R	615.R	22	1	1	22939309	23446964	614.O	615.O	10	10	1	1	74997988	75115102	74327571	74465813	50000	457655	1
354	intra	615.R	616.R	22	1	1	23607710	24146635	615.O	616.O	10	10	1	-1	74595075	74724899	75361025	75551178	50000	488925	1
355	intra	616.R	617.R	22	1	1	24580232	24716886	616.O	617.O	10	10	-1	1	74997988	75115102	74595075	74724899	50000	86654	1
356	inter	617.R	618.R	22	1	1	24969196	25133966	617.O	618.O	10	6	1	-1	74993371	75097523	67783433	67913764	50000	114770	1
357	inter	618.R	619.R	22	1	1	25035713	25252424	618.O	619.O	6	5	-1	-1	67747606	67881763	113689596	113848393	50000	166711	1
358	inter	619.R	620.R	22	1	1	29103668	29218646	619.O	620.O	5	11	-1	-1	111189098	111307697	5392253	5654480	50000	64978	1
359	inter	620.R	621.R	22	1	1	31964560	32064996	620.O	621.O	11	5	-1	1	81865	3081865	32958850	33129373	50000	50436	1
360	inter	621.R	622.R	22	1	1	32456353	32670332	621.O	622.O	5	10	1	1	33453803	33607262	75452464	75575037	50000	163979	1
361	intra	622.R	623.R	22	1	1	32575019	32675171	622.O	623.O	10	10	1	-1	75483088	75660185	75590996	75721187	50000	50152	1
362	intra	623.R	624.R	22	1	1	32601402	32833996	623.O	624.O	10	10	-1	1	75483088	75660185	85341588	85451774	50000	182594	1
363	inter	624.R	625.R	22	1	1	33422003	33719085	624.O	625.O	10	8	1	1	85928943	86204907	75236583	75388511	50000	247082	1
364	inter	625.R	626.R	22	1	1	35900043	36056945	625.O	626.O	8	15	1	1	77698005	77859285	76730824	76898020	50000	106902	1
365	intra	626.R	627.R	22	1	1	47702195	47815881	626.O	627.O	15	15	1	-1	86391342	86502406	86487328	86615007	50000	63686	1
366	intra	627.R	628.R	22	1	1	47811590	47955573	627.O	628.O	15	15	-1	1	86391342	86502406	86487328	86615007	50000	93983	1
367	intra	102.R	103.R	3	1	1	12831712	12991938	102.O	103.O	6	6	1	1	115707891	115808000	90545694	90661935	50000	110226	1
368	inter	103.R	104.R	3	1	1	15089351	15241411	103.O	104.O	6	9	1	1	92113839	92230525	105904019	106007543	50000	102060	1
369	inter	104.R	105.R	3	1	1	15177791	15298061	104.O	105.O	9	14	1	1	105941637	106079144	32086636	32200126	50000	70270	1
370	inter	105.R	106.R	3	1	1	16264014	16372143	105.O	106.O	14	17	1	1	32856013	33034008	49996725	50151317	50000	58129	1
371	intra	106.R	107.R	3	1	1	18244852	18356133	106.O	107.O	17	17	1	-1	51748149	51858587	51762684	51868081	50000	61281	1
372	intra	107.R	108.R	3	1	1	18259138	18359740	107.O	108.O	17	17	-1	1	51748149	51858587	51762684	51868081	50000	50602	1
373	inter	108.R	109.R	3	1	1	20175606	21556520	108.O	109.O	17	11	1	1	53777283	54019318	30952065	31215331	50000	1330914	1
374	inter	109.R	110.R	3	1	1	21556180	22473214	109.O	110.O	11	7	1	1	31181326	31303085	48532064	49326110	50000	867034	1
375	inter	110.R	111.R	3	1	1	22374081	22474084	110.O	111.O	7	X	1	-1	49226983	49431418	5412512	5674406	50000	50003	1
376	inter	111.R	112.R	3	1	1	22374261	22474298	111.O	112.O	X	13	-1	-1	2512335	5512335	66924916	67051689	50000	50037	1
377	inter	112.R	113.R	3	1	1	22374395	23196910	112.O	113.O	13	14	-1	-1	65204420	67024819	19772461	20061093	50000	772515	1
378	inter	113.R	114.R	3	1	1	27607178	27724699	113.O	114.O	14	17	-1	-1	15111495	15479255	22054975	23738056	50000	67521	1
379	inter	114.R	115.R	3	1	1	27626908	27805731	114.O	115.O	17	9	-1	-1	22016006	22153144	118346883	118465427	50000	128823	1
380	intra	115.R	116.R	3	1	1	37175162	37334802	115.O	116.O	9	9	-1	1	110917879	111056663	118346883	118465427	50000	109640	1
381	intra	116.R	117.R	3	1	1	38118212	38219315	116.O	117.O	9	9	1	-1	119008929	119133414	119206891	119316796	50000	51103	1
382	intra	117.R	118.R	3	1	1	38304599	38438387	117.O	118.O	9	9	-1	1	119008929	119133414	119206891	119316796	50000	83788	1
383	intra	118.R	119.R	3	1	1	46365305	46486262	118.O	119.O	9	9	1	-1	123990018	124076172	110917879	111056663	50000	70957	1
384	inter	119.R	120.R	3	1	1	52296083	52402635	119.O	120.O	9	14	-1	-1	105941637	106079144	32086636	32200126	50000	56552	1
385	intra	120.R	121.R	3	1	1	57864929	58013592	120.O	121.O	14	14	-1	1	26643730	27282625	5698472	8698472	50000	98663	1
386	inter	121.R	122.R	3	1	1	63959065	64094560	121.O	122.O	14	6	1	1	14903367	15057748	92166209	92354916	50000	85495	1
387	inter	122.R	123.R	3	1	1	75271750	75924554	122.O	123.O	6	16	1	-1	103221009	103321010	75472138	75600429	50000	602804	1
388	intra	123.R	124.R	3	1	1	77834912	77958077	123.O	124.O	16	16	-1	1	73639765	73764915	73528532	73633798	50000	73165	1
389	intra	124.R	125.R	3	1	1	77950742	78073427	124.O	125.O	16	16	1	-1	73639765	73764915	73528532	73633798	50000	72685	1
390	inter	125.R	126.R	3	1	1	125263616	125775938	125.O	126.O	16	6	-1	-1	33077766	33235937	90545694	90661935	50000	462322	1
391	inter	126.R	127.R	3	1	1	128483638	128653547	126.O	127.O	6	3	-1	1	87881741	87999106	35844832	36018683	50000	119909	1
392	inter	127.R	128.R	3	1	1	128581451	128684054	127.O	128.O	3	6	1	1	35939854	36293804	87571875	87679913	50000	52603	1
393	intra	128.R	129.R	3	1	1	128985239	129166060	128.O	129.O	6	6	1	1	87881741	87999106	115707891	115808000	50000	130821	1
394	intra	129.R	130.R	3	1	1	129561882	129719083	129.O	130.O	6	6	1	-1	116092910	116209095	92166209	92354916	50000	107201	1
395	inter	130.R	131.R	3	1	1	129663152	129981683	130.O	131.O	6	9	-1	-1	92113839	92230525	105904019	106007543	50000	268531	1
396	intra	131.R	132.R	3	1	1	138260815	138388575	131.O	132.O	9	9	-1	1	98989574	99196670	98823649	98941353	50000	77760	1
397	intra	132.R	133.R	3	1	1	138502544	138697872	132.O	133.O	9	9	1	-1	98989574	99196670	98823649	98941353	50000	145328	1
398	inter	133.R	134.R	3	1	1	148037276	148414028	133.O	134.O	9	13	-1	1	90115439	90258827	30313023	30449521	50000	326752	1
399	inter	134.R	135.R	3	1	1	148409518	148509537	134.O	135.O	13	3	1	-1	30423518	30749326	20164649	20520809	50000	50019	1
400	intra	135.R	136.R	3	1	1	148889688	149108217	135.O	136.O	3	3	-1	1	19738665	19907185	56923695	57106913	50000	168529	1
401	intra	136.R	137.R	3	1	1	157463735	157572281	136.O	137.O	3	3	1	-1	66340700	66442937	66353714	66458928	50000	58546	1
402	intra	137.R	138.R	3	1	1	157482372	157586730	137.O	138.O	3	3	-1	1	66340700	66442937	66353714	66458928	50000	54358	1
403	intra	138.R	139.R	3	1	1	167766341	167980584	138.O	139.O	3	3	1	1	75714067	75911928	28684649	28988892	50000	164243	1
404	intra	139.R	140.R	3	1	1	170467751	170603485	139.O	140.O	3	3	1	-1	31428552	31742435	28684649	28988892	50000	85734	1
405	intra	140.R	141.R	3	1	1	178055404	178213700	140.O	141.O	3	3	-1	1	20164649	20520809	31428552	31742435	50000	108296	1
406	inter	141.R	142.R	3	1	1	182760326	182908321	141.O	142.O	3	16	1	1	35844832	36018683	19556601	19726111	50000	97995	1
407	inter	142.R	143.R	3	1	1	195219886	195331440	142.O	143.O	16	11	1	-1	31225094	31345352	58272755	58406586	50000	61554	1
408	inter	143.R	144.R	3	1	1	195231860	195343750	143.O	144.O	11	16	-1	1	58254107	58372335	31225094	31345352	50000	61890	1
409	intra	144.R	145.R	3	1	1	195261007	195485632	144.O	145.O	16	16	1	-1	31264874	31472249	32756367	32871825	50000	174625	1
410	intra	145.R	146.R	3	1	1	197250393	197448881	145.O	146.O	16	16	-1	1	31264874	31472249	32756367	32871825	50000	148488	1
411	intra	147.R	148.R	4	1	1	1066961	1211405	147.O	148.O	5	5	1	1	109165178	110575830	33453803	33607262	50000	94444	1
412	intra	148.R	149.R	4	1	1	3760238	4257792	148.O	149.O	5	5	1	-1	35606565	35781756	38635794	38739096	50000	447554	1
413	intra	149.R	150.R	4	1	1	8823351	9833857	149.O	150.O	5	5	-1	1	35606565	35781756	38644075	38761102	50000	960506	1
414	intra	150.R	151.R	4	1	1	9973151	10125965	150.O	151.O	5	5	1	1	38821452	38948784	38848993	38968054	50000	102814	1
415	intra	151.R	152.R	4	1	1	69004320	69209026	151.O	152.O	5	5	1	1	87044167	87186377	87377242	87480029	50000	154706	1
416	intra	152.R	153.R	4	1	1	69118076	69229042	152.O	153.O	5	5	1	-1	87382330	87545391	87215680	87370375	50000	60966	1
417	intra	153.R	154.R	4	1	1	69312444	69453491	153.O	154.O	5	5	-1	1	87044167	87186377	87215680	87370375	50000	91047	1
418	intra	154.R	155.R	4	1	1	69384125	69562997	154.O	155.O	5	5	1	1	87305446	87439770	87382330	87545391	50000	128872	1
419	inter	155.R	156.R	4	1	1	88948639	89063396	155.O	156.O	5	6	1	-1	104884555	105493829	58592375	58831540	50000	64757	1
420	intra	156.R	157.R	4	1	1	89003752	89232186	156.O	157.O	6	6	-1	1	57724955	58663644	56823798	57509334	50000	178434	1
421	intra	157.R	158.R	4	1	1	89394695	89563620	157.O	158.O	6	6	1	1	57591849	57702405	58592375	58831540	50000	118925	1
422	inter	158.R	159.R	4	1	1	95217699	95342071	158.O	159.O	6	3	1	-1	65046844	65150980	142079726	142213659	50000	74372	1
423	inter	159.R	160.R	4	1	1	120562626	121031295	159.O	160.O	3	6	-1	-1	122277766	122430963	66440571	66943570	50000	418669	1
424	inter	160.R	161.R	4	1	1	122251651	122551415	160.O	161.O	6	3	-1	1	65147672	65381437	35939854	36293804	50000	249764	1
425	inter	161.R	162.R	4	1	1	141139530	141313857	161.O	162.O	3	8	1	-1	51970484	52117234	85933214	86109568	50000	124327	1
426	intra	162.R	163.R	4	1	1	150782058	150899368	162.O	163.O	8	8	-1	1	77783674	77905702	77768262	77871567	50000	67310	1
427	intra	163.R	164.R	4	1	1	150802935	150904904	163.O	164.O	8	8	1	-1	77783674	77905702	77768262	77871567	50000	51969	1
428	inter	164.R	165.R	4	1	1	150842273	151016843	164.O	165.O	8	3	-1	-1	77698005	77859285	86716567	86909187	50000	124570	1
429	inter	165.R	166.R	4	1	1	163045309	163555367	165.O	166.O	3	8	-1	-1	75714067	75911928	69868850	70012323	50000	460058	1
430	intra	166.R	167.R	4	1	1	165361372	165471105	166.O	167.O	8	8	-1	1	67894614	68006499	67743763	67853875	50000	59733	1
431	intra	167.R	168.R	4	1	1	165488985	165631630	167.O	168.O	8	8	1	-1	67894614	68006499	67743763	67853875	50000	92645	1
432	intra	169.R	170.R	5	1	1	4368443	4474302	169.O	170.O	13	13	-1	1	71393546	71514047	71383142	71489629	50000	55859	1
433	intra	170.R	171.R	5	1	1	4378086	4504906	170.O	171.O	13	13	1	-1	71393546	71514047	71383142	71489629	50000	76820	1
434	inter	171.R	172.R	5	1	1	8333025	9084437	171.O	172.O	13	15	-1	-1	67239841	67947769	32576780	32754849	50000	701412	1
435	inter	172.R	173.R	5	1	1	42825153	43281946	172.O	173.O	15	2	-1	-1	229144	3229144	151236014	151370036	50000	406793	1
436	inter	173.R	174.R	5	1	1	43183241	43496443	173.O	174.O	2	13	-1	-1	150816830	151334728	120234159	120284312	50000	263202	1
437	inter	174.R	175.R	5	1	1	43444706	43545088	174.O	175.O	13	5	-1	-1	120212731	120284312	38848993	38968054	50000	50382	1
438	inter	175.R	176.R	5	1	1	43445297	43545491	175.O	176.O	5	1	-1	-1	38821452	38948784	101853152	102110677	50000	50194	1
439	inter	176.R	177.R	5	1	1	43445899	43545951	176.O	177.O	1	5	-1	-1	100208963	101952744	87376794	87476886	50000	50052	1
440	inter	177.R	178.R	5	1	1	43446117	43552507	177.O	178.O	5	13	-1	-1	87376618	87476628	120212731	120284312	50000	56390	1
441	intra	178.R	179.R	5	1	1	81149151	81254199	178.O	179.O	13	13	-1	1	91386684	91491649	91360403	91485591	50000	55048	1
442	intra	179.R	180.R	5	1	1	81155143	81272843	179.O	180.O	13	13	1	-1	91386684	91491649	91360403	91485591	50000	67700	1
443	inter	180.R	181.R	5	1	1	81233461	81355682	180.O	181.O	13	7	-1	1	91279728	91397960	128089060	128208917	50000	72221	1
444	inter	181.R	182.R	5	1	1	81255917	81369213	181.O	182.O	7	13	1	1	128109152	128226225	91271013	91376926	50000	63296	1
445	intra	182.R	183.R	5	1	1	81271586	81375005	182.O	183.O	13	13	1	-1	91279728	91397960	91271013	91376926	50000	53419	1
446	intra	183.R	184.R	5	1	1	90908729	91009588	183.O	184.O	13	13	-1	1	80673085	80774462	80656663	80772746	50000	50859	1
447	intra	184.R	185.R	5	1	1	90909951	91013135	184.O	185.O	13	13	1	-1	80673085	80774462	80656663	80772746	50000	53184	1
448	inter	185.R	186.R	5	1	1	96089446	96271637	185.O	186.O	13	17	-1	-1	74451030	74833823	17723560	17835821	50000	132191	1
449	inter	186.R	187.R	5	1	1	98318227	98434593	186.O	187.O	17	1	-1	1	15649900	15810198	95901825	96030362	50000	66366	1
450	intra	187.R	188.R	5	1	1	98751825	98981932	187.O	188.O	1	1	1	-1	96466040	96572241	96902192	97169884	50000	180107	1
451	intra	188.R	189.R	5	1	1	99606031	99795413	188.O	189.O	1	1	-1	1	96466040	96572241	96902192	97169884	50000	139382	1
452	intra	189.R	190.R	5	1	1	101705560	101940840	189.O	190.O	1	1	1	-1	98927928	99485690	100208963	101952744	50000	185280	1
453	inter	190.R	191.R	5	1	1	102677580	102816419	190.O	191.O	1	17	-1	1	98927928	99485690	58400028	59068681	50000	88839	1
454	inter	191.R	192.R	5	1	1	109926675	110124966	191.O	192.O	17	18	1	-1	65785287	65979376	31719321	31844017	50000	148291	1
455	intra	192.R	193.R	5	1	1	110048113	110380978	192.O	193.O	18	18	-1	1	31670340	31792222	32756151	32950421	50000	282865	1
456	intra	193.R	194.R	5	1	1	112243698	112362602	193.O	194.O	18	18	1	1	34511528	34619528	44465339	44590259	50000	68904	1
457	inter	194.R	195.R	5	1	1	118920426	119038499	194.O	195.O	18	13	1	-1	50391904	50522093	67140786	67338184	50000	68073	1
458	inter	195.R	196.R	5	1	1	118938659	119044141	195.O	196.O	13	18	-1	-1	67072406	67240626	50580864	50727750	50000	55482	1
459	intra	196.R	197.R	5	1	1	119119207	119256575	196.O	197.O	18	18	-1	-1	50391904	50522093	51125629	51250138	50000	87368	1
460	intra	197.R	198.R	5	1	1	119619112	119774115	197.O	198.O	18	18	-1	1	50580864	50727750	51125629	51250138	50000	105003	1
461	inter	198.R	199.R	5	1	1	130312578	130545196	198.O	199.O	18	11	1	-1	60286235	60684077	54633800	54748579	50000	182618	1
462	inter	199.R	200.R	5	1	1	134013580	134123602	199.O	200.O	11	13	-1	1	51445289	51555784	55660629	55774097	50000	60022	1
463	inter	200.R	201.R	5	1	1	137040677	137193865	200.O	201.O	13	18	1	1	58180523	58309065	44228516	44485133	50000	103188	1
464	intra	201.R	202.R	5	1	1	137173496	137276234	201.O	202.O	18	18	1	1	44465339	44590259	34511528	34619528	50000	52738	1
465	intra	202.R	203.R	5	1	1	147572069	147741918	202.O	203.O	18	18	1	-1	44228516	44485133	62706047	62913833	50000	119849	1
466	inter	203.R	204.R	5	1	1	150126127	150435854	203.O	204.O	18	11	-1	1	60286235	60684077	54633800	54748579	50000	259727	1
467	intra	204.R	205.R	5	1	1	154296443	154410001	204.O	205.O	11	11	1	-1	57942977	58094020	48524374	48663981	50000	63558	1
468	inter	205.R	206.R	5	1	1	171882067	172005729	205.O	206.O	11	17	-1	1	32127906	32253008	26396790	26537089	50000	73662	1
469	inter	206.R	207.R	5	1	1	172668020	172787962	206.O	207.O	17	11	1	1	26980095	27111671	31181326	31303085	50000	69942	1
470	inter	207.R	208.R	5	1	1	173660779	173814915	207.O	208.O	11	13	1	-1	32008333	32135562	53800858	53951162	50000	104136	1
471	intra	208.R	209.R	5	1	1	174123310	174479169	208.O	209.O	13	13	-1	1	53422687	53600121	53800858	53951162	50000	305859	1
472	inter	209.R	210.R	5	1	1	176986590	177532323	209.O	210.O	13	8	1	1	55660629	55774097	18900936	19542654	50000	495733	1
473	inter	210.R	211.R	5	1	1	177432733	177532737	210.O	211.O	8	X	1	1	19443064	22443064	5581554	5698475	50000	50004	1
474	inter	211.R	212.R	5	1	1	177433197	177553313	211.O	212.O	X	11	1	-1	5598935	5786013	51445289	51555784	50000	70116	1
475	intra	213.R	214.R	6	1	1	20010545	20118867	213.O	214.O	13	13	1	-1	48513979	48634497	30313023	30449521	50000	58322	1
476	intra	214.R	215.R	6	1	1	28962954	29089663	214.O	215.O	13	13	-1	1	21114814	21257562	21079690	21214281	50000	76709	1
477	inter	215.R	216.R	6	1	1	28990182	29155756	215.O	216.O	13	17	1	-1	21114814	21257562	38422944	39823599	50000	115574	1
478	intra	216.R	217.R	6	1	1	33323177	33423346	216.O	217.O	17	17	-1	1	33935609	34070276	26980095	27111671	50000	50169	1
479	inter	217.R	218.R	6	1	1	39007658	39123257	217.O	218.O	17	14	1	1	31027129	31141412	20800775	20946589	50000	65599	1
480	inter	218.R	219.R	6	1	1	39245710	39357418	218.O	219.O	14	17	1	-1	21045761	21169852	49996725	50151317	50000	61708	1
481	intra	219.R	220.R	6	1	1	49554527	49710492	219.O	220.O	17	17	-1	1	40870854	40998124	40295422	40952165	50000	105965	1
482	intra	220.R	221.R	6	1	1	49616217	49803656	220.O	221.O	17	17	1	1	40870854	40998124	39724089	40394236	50000	137439	1
483	inter	221.R	222.R	6	1	1	49704842	49864359	221.O	222.O	17	1	1	1	40295422	40952165	17868604	18168849	50000	109517	1
484	inter	222.R	223.R	6	1	1	52572704	52746687	222.O	223.O	1	9	1	-1	21238167	21375016	78066825	78296833	50000	123983	1
485	inter	223.R	224.R	6	1	1	55732859	55854582	223.O	224.O	9	5	-1	1	75482858	75617288	110497020	110597038	50000	71723	1
486	inter	224.R	225.R	6	1	1	55755203	56276737	224.O	225.O	5	1	1	-1	110497650	110619387	34412215	34544674	50000	471534	1
487	inter	225.R	226.R	6	1	1	73892950	74051772	225.O	226.O	1	14	-1	-1	21238167	21375016	61853554	61979574	50000	108822	1
488	inter	226.R	227.R	6	1	1	73952533	74157397	226.O	227.O	14	9	-1	1	61814623	61952810	78066825	78296833	50000	154864	1
489	inter	227.R	228.R	6	1	1	86338744	86846212	227.O	228.O	9	X	1	-1	88368041	89160128	150041841	150208085	50000	457468	1
490	inter	228.R	229.R	6	1	1	86746833	87847880	228.O	229.O	X	4	-1	-1	149964468	150141227	34801295	34949941	50000	1051047	1
491	intra	229.R	230.R	6	1	1	90479294	90589500	229.O	230.O	4	4	-1	1	32685034	32794259	32640372	32752319	50000	60206	1
492	intra	230.R	231.R	6	1	1	90531040	90653231	230.O	231.O	4	4	1	-1	32685034	32794259	32640372	32752319	50000	72191	1
493	inter	231.R	232.R	6	1	1	100194254	100547741	231.O	232.O	4	2	-1	-1	21186476	21411523	23009482	23140194	50000	303487	1
494	inter	232.R	233.R	6	1	1	100448911	100603328	232.O	233.O	2	10	-1	-1	23002564	23107776	51079630	51338782	50000	104417	1
495	intra	233.R	234.R	6	1	1	115564553	115694425	233.O	234.O	10	10	-1	1	35014062	35141972	34734234	34842708	50000	79872	1
496	intra	234.R	235.R	6	1	1	115813750	115926241	234.O	235.O	10	10	1	-1	35014062	35141972	34734234	34842708	50000	62491	1
497	intra	235.R	236.R	6	1	1	116867732	116988450	235.O	236.O	10	10	-1	1	33642376	33764042	33293995	33675622	50000	70718	1
498	intra	236.R	237.R	6	1	1	116995549	117097703	236.O	237.O	10	10	1	1	33642376	33764042	51079630	51338782	50000	52154	1
499	intra	237.R	238.R	6	1	1	123090251	123367839	237.O	238.O	10	10	1	-1	57492501	57769580	33293995	33675622	50000	227588	1
500	inter	238.R	239.R	6	1	1	154947080	155104487	238.O	239.O	10	17	-1	1	62843	3062843	3044833	3164907	50000	107407	1
501	intra	239.R	240.R	6	1	1	159332384	159489108	239.O	240.O	17	17	1	-1	7050494	7407202	8082562	8408501	50000	106724	1
502	intra	240.R	241.R	6	1	1	159973855	160153556	240.O	241.O	17	17	-1	-1	7453667	7764005	13158007	13783639	50000	129701	1
503	inter	241.R	242.R	6	1	1	166693738	166798454	241.O	242.O	17	1	-1	-1	8454154	8561707	9338377	9585600	50000	54716	1
504	inter	242.R	243.R	6	1	1	166699925	166805904	242.O	243.O	1	17	-1	-1	9239098	9435678	8454154	8561707	50000	55979	1
505	intra	243.R	244.R	6	1	1	166746342	166877385	243.O	244.O	17	17	-1	-1	8399627	8526779	7453667	7764005	50000	81043	1
506	intra	244.R	245.R	6	1	1	167014767	167462940	244.O	245.O	17	17	-1	1	7050494	7407202	8082562	8408501	50000	398173	1
507	intra	245.R	246.R	6	1	1	167500540	167979583	245.O	246.O	17	17	1	1	8399627	8526779	13158007	13783639	50000	429043	1
508	intra	247.R	248.R	7	1	1	2518030	2627741	247.O	248.O	5	5	1	-1	141041468	141146559	141144514	141252151	50000	59711	1
509	intra	248.R	249.R	7	1	1	2654412	2771689	248.O	249.O	5	5	-1	1	141041468	141146559	141144514	141252151	50000	67277	1
510	intra	249.R	250.R	7	1	1	5800729	5994718	249.O	250.O	5	5	1	-1	143837581	144051968	144715095	144821894	50000	143989	1
511	inter	250.R	251.R	7	1	1	6687097	7141153	250.O	251.O	5	6	-1	1	143837581	144051968	7593235	7773596	50000	404056	1
512	inter	251.R	252.R	7	1	1	12481574	12611753	251.O	252.O	6	12	1	-1	13164550	13296781	40844269	40953725	50000	80179	1
513	intra	252.R	253.R	7	1	1	19698478	19811201	252.O	253.O	12	12	-1	-1	34033315	34164682	121207528	121257530	50000	62723	1
514	inter	253.R	254.R	7	1	1	22478684	22600086	253.O	254.O	12	18	-1	1	118540623	118692172	63623446	63753260	50000	71402	1
515	inter	254.R	255.R	7	1	1	22500330	22601185	254.O	255.O	18	5	1	-1	63653503	63753712	87376618	87476628	50000	50855	1
516	inter	255.R	256.R	7	1	1	22501328	22601455	255.O	256.O	5	18	-1	1	87340202	87476475	63654468	63754626	50000	50127	1
517	inter	256.R	257.R	7	1	1	22501674	22667387	256.O	257.O	18	5	1	1	63654851	63786629	30043596	30231027	50000	115713	1
518	intra	257.R	258.R	7	1	1	22718386	22901639	257.O	258.O	5	5	1	1	30291446	30437526	23275369	23394011	50000	133253	1
519	inter	258.R	259.R	7	1	1	23190325	23320423	258.O	259.O	5	6	1	1	23638255	23812588	48808832	49021207	50000	80098	1
520	inter	259.R	260.R	7	1	1	33052312	33186148	259.O	260.O	6	9	1	1	56823798	57509334	22198570	22304289	50000	83836	1
521	intra	260.R	261.R	7	1	1	36289346	36416474	260.O	261.O	9	9	1	-1	25361698	25982772	22198570	22304289	50000	77128	1
522	inter	261.R	262.R	7	1	1	36442373	36575018	261.O	262.O	9	13	-1	-1	22075756	22187328	21079690	21214281	50000	82645	1
523	inter	262.R	263.R	7	1	1	43555634	43882309	262.O	263.O	13	2	-1	1	14241641	14368672	126844274	126962576	50000	276675	1
524	inter	263.R	264.R	7	1	1	43796783	43956326	263.O	264.O	2	11	1	1	126872678	126981604	5392253	5654480	50000	109543	1
525	inter	264.R	265.R	7	1	1	55227330	55482947	264.O	265.O	11	6	1	1	16765626	16903582	57591849	57702405	50000	205617	1
526	inter	265.R	266.R	7	1	1	55589998	55809036	265.O	266.O	6	1	1	1	57724955	58663644	44186040	44436905	50000	169038	1
527	inter	266.R	267.R	7	1	1	55730832	55924846	266.O	267.O	1	5	1	1	44337767	44543821	130079555	130245477	50000	144014	1
528	intra	267.R	268.R	7	1	1	66408246	66858559	267.O	268.O	5	5	1	-1	130676726	130779846	134499894	134681603	50000	400313	1
529	intra	268.R	269.R	7	1	1	72251365	72768795	268.O	269.O	5	5	-1	-1	130676726	130779846	135800119	135902645	50000	467430	1
530	intra	269.R	270.R	7	1	1	74098326	74520001	269.O	270.O	5	5	-1	1	134602445	134787711	134499894	134681603	50000	371675	1
531	intra	270.R	271.R	7	1	1	74439425	75096695	270.O	271.O	5	5	1	1	134602445	134787711	135800119	135902645	50000	607270	1
532	intra	271.R	272.R	7	1	1	76094502	76875628	271.O	272.O	5	5	1	-1	136469945	136585930	20831747	20970600	50000	731126	1
533	intra	272.R	273.R	7	1	1	91427272	91553104	272.O	273.O	5	5	-1	1	4054262	4271020	3813941	3940917	50000	75832	1
534	intra	273.R	274.R	7	1	1	91713615	91829899	273.O	274.O	5	5	1	-1	4054262	4271020	3813941	3940917	50000	66284	1
535	inter	274.R	275.R	7	1	1	92622929	92723504	274.O	275.O	5	14	-1	-1	202500	3202500	19962679	20577010	50000	50575	1
536	inter	275.R	276.R	7	1	1	92625802	92726051	275.O	276.O	14	13	-1	-1	19772461	20061093	3168900	3587557	50000	50249	1
537	inter	276.R	277.R	7	1	1	92626191	92809508	276.O	277.O	13	6	-1	1	268760	3268760	371418	3371418	50000	133317	1
538	inter	277.R	278.R	7	1	1	97451791	97648311	277.O	278.O	6	5	1	1	7593235	7773596	144715095	144821894	50000	146520	1
539	intra	278.R	279.R	7	1	1	99177613	99297735	278.O	279.O	5	5	1	1	146001998	147070798	138213613	138386450	50000	70122	1
540	intra	279.R	280.R	7	1	1	99767774	100048726	279.O	280.O	5	5	1	-1	138733421	139246481	138213613	138386450	50000	230952	1
541	intra	280.R	281.R	7	1	1	102230864	102409287	280.O	281.O	5	5	-1	1	136469945	136585930	20831747	20970600	50000	128423	1
542	inter	281.R	282.R	7	1	1	105157729	105259848	281.O	282.O	5	12	1	-1	23275369	23394011	34033315	34164682	50000	52119	1
543	intra	282.R	283.R	7	1	1	107713449	107838753	282.O	283.O	12	12	-1	-1	31717896	31868524	45651144	45789339	50000	75304	1
544	inter	283.R	284.R	7	1	1	112079956	112202655	283.O	284.O	12	6	-1	1	40844269	40953725	13164550	13296781	50000	72699	1
545	intra	284.R	285.R	7	1	1	114928375	115034724	284.O	285.O	6	6	1	-1	16032005	16140204	16047977	16152837	50000	56349	1
546	intra	285.R	286.R	7	1	1	114940943	115047364	285.O	286.O	6	6	-1	1	16032005	16140204	16047977	16152837	50000	56421	1
547	inter	286.R	287.R	7	1	1	150508297	150645348	286.O	287.O	6	5	1	1	48808832	49021207	23713384	23822280	50000	87051	1
548	inter	287.R	288.R	7	1	1	157128962	157300727	287.O	288.O	5	12	1	-1	30043596	30231027	118540623	118692172	50000	121765	1
549	intra	289.R	290.R	8	1	1	5298046	5418766	289.O	290.O	8	8	1	-1	17785174	17924164	18144321	18318337	50000	70720	1
550	intra	290.R	291.R	8	1	1	5666843	5877607	290.O	291.O	8	8	-1	1	17785174	17924164	18144321	18318337	50000	160764	1
551	intra	291.R	292.R	8	1	1	6643018	8196252	291.O	292.O	8	8	1	-1	18900936	19542654	37185458	37329122	50000	1503234	1
552	inter	292.R	293.R	8	1	1	9589842	9758338	292.O	293.O	8	14	-1	-1	35835012	35939528	65188886	65299323	50000	118496	1
553	inter	293.R	294.R	8	1	1	11763376	12629421	293.O	294.O	14	8	-1	1	63540515	63723653	37185458	37329122	50000	816045	1
554	intra	294.R	295.R	8	1	1	16082565	16197068	294.O	295.O	8	8	1	-1	40768948	40881672	40790234	40905693	50000	64503	1
555	intra	295.R	296.R	8	1	1	16105924	16218899	295.O	296.O	8	8	-1	1	40768948	40881672	40790234	40905693	50000	62975	1
556	intra	296.R	297.R	8	1	1	17883099	18043144	296.O	297.O	8	8	1	1	42395656	42534331	69868850	70012323	50000	110045	1
557	inter	297.R	298.R	8	1	1	20122358	20256749	297.O	298.O	8	14	1	-1	71669415	72365289	72739797	72889581	50000	84391	1
558	inter	298.R	299.R	8	1	1	29099940	29240576	298.O	299.O	14	8	-1	-1	65188886	65299323	35835012	35939528	50000	90636	1
559	intra	299.R	300.R	8	1	1	36586234	36711543	299.O	300.O	8	8	-1	1	28472229	28835402	26900517	27018593	50000	75309	1
560	intra	300.R	301.R	8	1	1	36644418	36781304	300.O	301.O	8	8	1	1	26952568	27105718	27223567	27359219	50000	86886	1
561	intra	301.R	302.R	8	1	1	37869395	38013930	301.O	302.O	8	8	1	-1	28376852	28545558	26900517	27018593	50000	94535	1
562	intra	302.R	303.R	8	1	1	42438503	42613901	302.O	303.O	8	8	-1	1	23489845	23607027	28376852	28545558	50000	125398	1
563	intra	303.R	304.R	8	1	1	42570239	42742791	303.O	304.O	8	8	1	-1	28472229	28835402	27223567	27359219	50000	122552	1
564	inter	304.R	305.R	8	1	1	43004601	48242540	304.O	305.O	8	16	-1	-1	26952568	27105718	16090867	16263502	50000	5187939	1
565	inter	305.R	306.R	8	1	1	49788279	50703053	305.O	306.O	16	11	-1	-1	14423035	14751661	60580986	60707423	50000	864774	1
566	inter	306.R	307.R	8	1	1	50603713	50873816	306.O	307.O	11	1	-1	-1	60567914	60679982	9239098	9435678	50000	220103	1
567	inter	307.R	308.R	8	1	1	56472590	56702737	307.O	308.O	1	4	-1	1	135138	3135138	527686	3527686	50000	180147	1
568	intra	308.R	309.R	8	1	1	62577419	62836880	308.O	309.O	4	4	1	1	9546498	9757593	20771241	20945151	50000	209461	1
569	intra	309.R	310.R	8	1	1	62916026	63093854	309.O	310.O	4	4	1	-1	21186476	21411523	20771241	20945151	50000	127828	1
570	inter	310.R	311.R	8	1	1	63948431	64131109	310.O	311.O	4	3	-1	1	19818829	19985737	15168088	16133171	50000	132678	1
571	inter	311.R	312.R	8	1	1	67284241	67391362	311.O	312.O	3	1	1	1	19738665	19907185	9338377	9585600	50000	57121	1
572	inter	312.R	313.R	8	1	1	76056190	76248746	312.O	313.O	1	3	1	1	17868604	18168849	411669	3411669	50000	142556	1
573	inter	313.R	314.R	8	1	1	86962445	87113853	313.O	314.O	3	4	1	-1	15168088	16133171	19818829	19985737	50000	101408	1
574	inter	314.R	315.R	8	1	1	97189554	97293287	314.O	315.O	4	13	-1	1	9546498	9757593	66924916	67051689	50000	53733	1
575	inter	315.R	316.R	8	1	1	97322190	97464091	315.O	316.O	13	15	1	1	67072406	67240626	32576780	32754849	50000	91901	1
576	inter	317.R	318.R	9	1	1	6595741	6843022	317.O	318.O	19	4	1	1	30199956	30354158	73798148	73958763	50000	197281	1
577	intra	318.R	319.R	9	1	1	26007082	26116175	318.O	319.O	4	4	1	-1	93305803	93432915	93387842	93505300	50000	59093	1
578	intra	319.R	320.R	9	1	1	26085440	26192965	319.O	320.O	4	4	-1	-1	93305803	93432915	93410868	93547061	50000	57525	1
579	intra	320.R	321.R	9	1	1	26097297	26220037	320.O	321.O	4	4	-1	1	93387842	93505300	93410868	93547061	50000	72740	1
580	intra	321.R	322.R	9	1	1	27246656	27379172	321.O	322.O	4	4	1	1	94545056	94663216	34801295	34949941	50000	82516	1
581	inter	322.R	323.R	9	1	1	38419948	38702676	322.O	323.O	4	13	1	1	45829151	45936577	64490286	64600628	50000	232728	1
582	inter	323.R	324.R	9	1	1	39127341	69167740	323.O	324.O	13	19	1	1	64844563	65079359	24808548	24944621	50000	29990399	1
583	intra	324.R	325.R	9	1	1	69071286	71093498	324.O	325.O	19	19	1	-1	24849281	25000246	24808548	24944621	50000	1972212	1
584	inter	325.R	326.R	9	1	1	82724540	83044114	325.O	326.O	19	4	-1	1	13963544	14159327	70151971	70357845	50000	269574	1
585	intra	326.R	327.R	9	1	1	83962420	84081833	326.O	327.O	4	4	1	-1	71453677	71582962	71580390	71711692	50000	69413	1
586	intra	327.R	328.R	9	1	1	84039071	84158229	327.O	328.O	4	4	-1	1	71453677	71582962	71580390	71711692	50000	69158	1
587	intra	328.R	329.R	9	1	1	85632503	85907878	328.O	329.O	4	4	1	-1	73393149	73709728	73798148	73958763	50000	225375	1
588	inter	329.R	330.R	9	1	1	86103093	86288104	329.O	330.O	4	13	-1	1	73393149	73709728	58180523	58309065	50000	135011	1
589	intra	330.R	331.R	9	1	1	90273491	90632378	330.O	331.O	13	13	1	-1	60814477	62473817	64490286	64600628	50000	308887	1
590	intra	331.R	332.R	9	1	1	90539350	90860682	331.O	332.O	13	13	-1	1	64439973	64583916	49779681	51127350	50000	271332	1
591	intra	332.R	333.R	9	1	1	94827621	94989668	332.O	333.O	13	13	1	1	53422687	53600121	64980515	65196315	50000	112047	1
592	intra	333.R	334.R	9	1	1	94900910	95022575	333.O	334.O	13	13	1	-1	65103054	65216467	49779681	51127350	50000	71665	1
593	intra	334.R	335.R	9	1	1	97013701	97158025	334.O	335.O	13	13	-1	-1	48513979	48634497	62831024	62988450	50000	94324	1
594	intra	335.R	336.R	9	1	1	97059729	97187166	335.O	336.O	13	13	-1	-1	62436762	62930262	65163856	65303542	50000	77437	1
595	intra	336.R	337.R	9	1	1	97173187	97371224	336.O	337.O	13	13	-1	1	65103054	65216467	62831024	62988450	50000	148037	1
596	intra	337.R	338.R	9	1	1	99774951	99933800	337.O	338.O	13	13	1	1	64439973	64583916	67140786	67338184	50000	108849	1
597	inter	338.R	339.R	9	1	1	99835763	100093854	338.O	339.O	13	4	1	1	67239841	67947769	45829151	45936577	50000	208091	1
598	intra	339.R	340.R	9	1	1	109375200	109486394	339.O	340.O	4	4	1	-1	54681008	54786746	54697149	54817037	50000	61194	1
599	intra	340.R	341.R	9	1	1	109395813	109506096	340.O	341.O	4	4	-1	1	54681008	54786746	54697149	54817037	50000	60283	1
600	inter	341.R	342.R	9	1	1	123436031	123576478	341.O	342.O	4	2	1	1	70151971	70357845	34605374	34710889	50000	90447	1
601	intra	342.R	343.R	9	1	1	127902118	128012751	342.O	343.O	2	2	1	-1	39031879	39371086	34605374	34710889	50000	60633	1
602	intra	343.R	344.R	9	1	1	131000956	131121978	343.O	344.O	2	2	-1	1	32065251	32184627	29557280	29683300	50000	71022	1
603	intra	344.R	345.R	9	1	1	134356024	134470855	344.O	345.O	2	2	1	-1	32065251	32184627	29557280	29683300	50000	64831	1
604	intra	345.R	346.R	9	1	1	135986874	136181119	345.O	346.O	2	2	-1	1	28283417	28403942	26444828	26748770	50000	144245	1
605	intra	346.R	347.R	9	1	1	138345787	138635541	346.O	347.O	2	2	1	1	28275342	28382642	25489928	25748772	50000	239754	1
606	intra	347.R	348.R	9	1	1	139571318	139685284	347.O	348.O	2	2	1	-1	26444828	26748770	25489928	25748772	50000	63966	1
607	intra	629.R	630.R	X	1	1	174430	1405991	629.O	630.O	5	5	1	-1	110483560	110596859	110497020	110597038	50000	1181561	1
608	inter	630.R	631.R	X	1	1	1306149	5273796	630.O	631.O	5	15	-1	1	110483560	110596859	103346040	103467416	50000	3917647	1
609	inter	631.R	632.R	X	1	1	5175183	8865621	631.O	632.O	15	X	1	1	103368813	103494974	73377050	74011358	50000	3640438	1
610	intra	632.R	633.R	X	1	1	9637785	9757690	632.O	633.O	X	X	1	-1	74858329	75701121	149182991	149394086	50000	69905	1
611	intra	633.R	634.R	X	1	1	9867475	10310257	633.O	634.O	X	X	-1	1	148753568	149094545	149886962	150061364	50000	392782	1
612	intra	634.R	635.R	X	1	1	10214701	10467466	634.O	635.O	X	X	1	-1	149964468	150141227	166377086	166650296	50000	202765	1
613	intra	635.R	636.R	X	1	1	23794784	23901518	635.O	636.O	X	X	-1	-1	151541112	151646496	91612388	91827352	50000	56734	1
614	intra	636.R	637.R	X	1	1	37266771	37401349	636.O	637.O	X	X	-1	1	75602807	75744746	7806964	8750671	50000	84578	1
615	intra	637.R	638.R	X	1	1	48004280	48367335	637.O	638.O	X	X	1	-1	20702111	21019900	7806964	8750671	50000	313055	1
616	intra	638.R	639.R	X	1	1	51049984	51283197	638.O	639.O	X	X	-1	-1	5598935	5786013	5581554	5698475	50000	183213	1
617	intra	639.R	640.R	X	1	1	51189818	51536449	639.O	640.O	X	X	-1	1	5412512	5674406	91737669	91931327	50000	296631	1
618	intra	640.R	641.R	X	1	1	51438936	51686423	640.O	641.O	X	X	1	-1	91833800	92019924	91737669	91931327	50000	197487	1
619	intra	641.R	642.R	X	1	1	51597413	53127684	641.O	642.O	X	X	-1	-1	91612388	91827352	148753568	149094545	50000	1480271	1
620	intra	642.R	643.R	X	1	1	55034286	55481356	642.O	643.O	X	X	-1	1	143995374	146995374	149294648	149430062	50000	397070	1
621	intra	643.R	644.R	X	1	1	55382272	55528535	643.O	644.O	X	X	1	-1	149331030	149490951	149422144	149624389	50000	96263	1
622	intra	644.R	645.R	X	1	1	55466344	55794085	644.O	645.O	X	X	-1	1	149331030	149490951	149422144	149624389	50000	277741	1
623	intra	645.R	646.R	X	1	1	56544647	56805625	645.O	646.O	X	X	1	1	149886962	150061364	150041841	150208085	50000	210978	1
624	intra	646.R	647.R	X	1	1	56792062	57145412	646.O	647.O	X	X	1	-1	150122845	150317999	150218434	151639460	50000	303350	1
625	intra	647.R	648.R	X	1	1	57045847	57668392	647.O	648.O	X	X	-1	1	150122845	150317999	91833800	92019924	50000	572545	1
626	intra	648.R	649.R	X	1	1	73542845	73679369	648.O	649.O	X	X	1	-1	100835043	100940823	149294648	149430062	50000	86524	1
627	intra	649.R	650.R	X	1	1	73579929	73680976	649.O	650.O	X	X	-1	-1	149182991	149394086	100974471	101202492	50000	51047	1
628	inter	650.R	651.R	X	1	1	73705734	73853073	650.O	651.O	X	17	-1	-1	100835043	100940823	26357180	26457215	50000	97339	1
629	inter	651.R	652.R	X	1	1	73753367	73855315	651.O	652.O	17	X	-1	1	26356894	26456894	100974471	101202492	50000	51948	1
630	intra	652.R	653.R	X	1	1	114456207	114622564	652.O	653.O	X	X	1	-1	143965974	146965974	73377050	74011358	50000	116357	1
631	inter	653.R	654.R	X	1	1	114834990	115002736	653.O	654.O	X	5	-1	-1	72808603	73081005	23713384	23822280	50000	117746	1
632	inter	654.R	655.R	X	1	1	114903602	115175692	654.O	655.O	5	X	-1	1	23638255	23812588	20702111	21019900	50000	222090	1
633	intra	655.R	656.R	X	1	1	118937189	119053716	655.O	656.O	X	X	1	-1	34600539	34717090	34682857	35441402	50000	66527	1
634	inter	656.R	657.R	X	1	1	119027464	119394715	656.O	657.O	X	18	-1	1	34600539	34717090	63653503	63753712	50000	317251	1
635	inter	657.R	658.R	X	1	1	119295484	119434568	657.O	658.O	18	X	1	1	63654009	63754160	35341510	35592845	50000	89084	1
636	intra	658.R	659.R	X	1	1	122080287	122220193	658.O	659.O	X	X	1	-1	38520350	38641940	38592065	38717146	50000	89906	1
637	intra	659.R	660.R	X	1	1	122160360	122262410	659.O	660.O	X	X	-1	1	38520350	38641940	38592065	38717146	50000	52050	1
638	intra	660.R	661.R	X	1	1	125302647	125469318	660.O	661.O	X	X	1	-1	41735657	41872940	41777725	41985828	50000	116671	1
639	intra	661.R	662.R	X	1	1	125375260	125549610	661.O	662.O	X	X	-1	1	41735657	41872940	41777725	41985828	50000	124350	1
640	intra	662.R	663.R	X	1	1	131729602	131832955	662.O	663.O	X	X	1	-1	48707715	48810313	48710699	48813210	50000	53353	1
641	intra	663.R	664.R	X	1	1	131733341	131835645	663.O	664.O	X	X	-1	1	48707715	48810313	48710699	48813210	50000	52304	1
642	intra	664.R	665.R	X	1	1	136885978	136989009	664.O	665.O	X	X	1	-1	55470351	55575596	55483073	55584260	50000	53031	1
643	intra	665.R	666.R	X	1	1	136895229	136996992	665.O	666.O	X	X	-1	1	55470351	55575596	55483073	55584260	50000	51763	1
644	intra	666.R	667.R	X	1	1	140020429	140320885	666.O	667.O	X	X	1	-1	58660676	58785339	58913207	59232173	50000	250456	1
645	intra	667.R	668.R	X	1	1	140507235	140699662	667.O	668.O	X	X	-1	1	58660676	58785339	58913207	59232173	50000	142427	1
646	intra	668.R	669.R	X	1	1	140841860	141094062	668.O	669.O	X	X	1	-1	59426472	59650543	59682312	59879475	50000	202202	1
647	intra	669.R	670.R	X	1	1	141140735	141371341	669.O	670.O	X	X	-1	1	59426472	59650543	59682312	59879475	50000	180606	1
648	intra	670.R	671.R	X	1	1	154443811	155024973	670.O	671.O	X	X	1	-1	72773581	72898674	72808603	73081005	50000	531162	1
649	intra	671.R	672.R	X	1	1	154935831	155107873	671.O	672.O	X	X	-1	-1	72773581	72898674	151541112	151646496	50000	122042	1
