1	intra	mENSG00000173406	ENSG00000162601	1	1	-1	57460451	59165764	mENSMUSG00000028519	ENSMUSG00000062627	4	4	-1	-1	102903053	104417447	94573960	94645791	1552023	1659960	1
2	inter	ENSG00000203963	ENSG00000162594	1	-1	1	67557859	67725662	ENSMUSG00000028520	ENSMUSG00000049093	4	6	-1	-1	102903053	104417447	67372926	70372926	36361	74224	1
3	inter	ENSG00000172380	ENSG00000116729	1	-1	-1	68167149	68698420	ENSMUSG00000036402	ENSMUSG00000028173	6	3	1	1	65728956	66971344	159502701	159599783	132001	397007	1
4	inter	ENSG00000154451	ENSG00000197147	1	-1	1	89724633	90063423	ENSMUSG00000040264	ENSMUSG00000070639	3	5	1	1	141904328	142185307	105364076	105915208	13911	265762	1
5	inter	ENSG00000117505	ENSG00000137942	1	1	1	93811445	94020218	ENSMUSG00000029265	ENSMUSG00000039735	5	3	1	-1	108697916	108778374	122241643	122602421	16704	102213	1
6	intra	ENSG00000134250	ENSG00000168509	1	-1	1	120454176	145417545	ENSMUSG00000027878	ENSMUSG00000038403	3	3	1	1	97462135	97951367	96000511	96333132	158098	24959015	1
7	intra	ENSG00000174827	ENSG00000131791	1	1	-1	145726918	146644129	ENSMUSG00000038298	ENSMUSG00000038205	3	3	1	1	96633999	96881339	97462135	97951367	37156	899767	1
8	intra	mENSG00000121634	mENSG00000184270	1	1	1	147228332	149872351	mENSMUSG00000049908	mENSMUSG00000063689	3	3	-1	-1	96633999	96881339	96000511	96333132	153061	2630154	1
9	inter	ENSG00000183853	ENSG00000197532	1	1	-1	157963063	158517895	ENSMUSG00000041734	ENSMUSG00000066671	3	1	-1	1	86590081	86978622	176379377	176752198	106989	553855	1
10	intra	ENSG00000174502	ENSG00000198049	1	-1	1	205882176	206231639	ENSMUSG00000042268	ENSMUSG00000026432	1	1	1	1	133534891	133666982	133181828	133508577	30412	341800	1
11	intra	ENSG00000196188	ENSG00000163486	1	1	1	206317459	206637783	ENSMUSG00000004552	ENSMUSG00000026425	1	1	1	-1	133534891	133666982	133181828	133508577	14645	197728	1
12	intra	ENSG00000123838	ENSG00000117322	1	1	1	207277607	207663240	ENSMUSG00000026405	ENSMUSG00000026616	1	1	-1	-1	131170051	132558176	196963005	197195432	40710	349968	1
13	intra	ENSG00000143756	ENSG00000143748	1	1	-1	224301791	224518089	ENSMUSG00000047539	ENSMUSG00000026516	1	1	-1	-1	183835644	184271737	182872597	183074288	47958	113245	1
14	intra	ENSG00000154380	mENSG00000143819	1	-1	1	225677502	226070069	ENSMUSG00000022995	mENSMUSG00000038776	1	1	-1	-1	183835644	184271737	182872597	183074288	163342	320292	1
15	inter	ENSG00000143776	mENSG00000081692	1	-1	1	227177566	227968927	ENSMUSG00000026490	mENSMUSG00000036819	1	11	1	-1	181676223	182095734	59220646	59320146	328609	738674	1
16	inter	ENSG00000215811	ENSG00000116574	1	-1	1	228698126	228882416	ENSMUSG00000020490	ENSMUSG00000039960	11	8	1	1	58453967	58740405	126029617	126187782	1878	172698	1
17	inter	ENSG00000168264	mENSG00000162885	1	-1	1	234740015	235667781	ENSMUSG00000051495	mENSMUSG00000039242	8	13	-1	-1	129114577	130134730	14047072	14615495	5256	790660	1
18	inter	ENSG00000133019	ENSG00000155816	1	1	1	239549865	240638489	ENSMUSG00000046159	ENSMUSG00000028354	13	1	-1	1	9684082	10360049	176379377	176752198	528885	627783	1
19	inter	ENSG00000153207	ENSG00000162714	1	-1	-1	247002400	247495148	ENSMUSG00000026491	ENSMUSG00000020472	1	11	-1	-1	181676223	182095734	59220646	59320146	93099	458314	1
20	inter	ENSG00000177535	ENSG00000197437	1	-1	-1	247614331	247836343	ENSMUSG00000059610	ENSMUSG00000054054	11	7	-1	-1	59384284	59594356	91763564	93455621	953	221089	1
21	inter	ENSG00000169214	ENSG00000197591	1	-1	-1	247875131	248005198	ENSMUSG00000054498	ENSMUSG00000043880	7	11	-1	-1	93469534	94547216	58144252	58439546	926	129099	1
22	intra	ENSG00000162722	ENSG00000175137	1	1	-1	248020501	249120832	ENSMUSG00000037124	ENSMUSG00000013646	11	11	1	1	58453967	58740405	58144252	58439546	21006	1084147	1
23	inter	ENSG00000057608	ENSG00000134461	10	-1	-1	5807186	5931869	ENSMUSG00000021218	ENSMUSG00000047909	13	2	1	1	565066	3565066	11700151	12223547	76909	96503	1
24	intra	ENSG00000148468	ENSG00000077943	10	-1	-1	15253642	15762124	ENSMUSG00000050530	ENSMUSG00000026768	2	2	1	-1	145071	3145071	11700151	12223547	159455	302306	1
25	intra	mENSG00000148459	ENSG00000136758	10	1	-1	26986588	27444195	mENSMUSG00000026784	ENSMUSG00000026775	2	2	1	1	22751121	22970030	23012066	23257493	163371	412795	1
26	inter	ENSG00000107897	ENSG00000099246	10	-1	1	27484144	27829092	ENSMUSG00000026781	ENSMUSG00000073639	2	18	1	1	22751121	22970030	6435951	6790180	46924	309053	1
27	intra	ENSG00000095787	ENSG00000197321	10	1	-1	28821422	30025710	ENSMUSG00000024283	ENSMUSG00000024236	18	18	1	1	7869237	9215008	4920565	5334432	90440	924845	1
28	intra	ENSG00000107951	ENSG00000183621	10	-1	-1	30598730	31320866	ENSMUSG00000024234	ENSMUSG00000050945	18	18	1	-1	3383029	4396782	4920565	5334432	64647	534833	1
29	inter	ENSG00000120616	ENSG00000150093	10	-1	-1	32556679	33294720	ENSMUSG00000024240	ENSMUSG00000025809	18	8	-1	1	6435951	6790180	131209713	131738871	111047	632568	1
30	inter	ENSG00000148498	ENSG00000108094	10	-1	-1	34398489	35379570	ENSMUSG00000025812	ENSMUSG00000024231	8	18	1	1	129114577	130134730	3383029	4396782	705760	898990	1
31	intra	ENSG00000095794	ENSG00000108100	10	1	1	35415719	35860852	ENSMUSG00000063889	ENSMUSG00000024286	18	18	-1	-1	327517	3327517	9314042	9619476	86167	120234	1
32	inter	ENSG00000177283	ENSG00000198105	10	-1	-1	35927177	38147034	ENSMUSG00000036904	ENSMUSG00000030145	18	6	1	-1	7869237	9215008	118101766	118383864	3185	2164574	1
33	intra	ENSG00000175395	ENSG00000165731	10	-1	1	38238500	43625799	ENSMUSG00000072623	ENSMUSG00000030110	6	6	-1	-1	118411968	119170224	118101766	118383864	27061	5333975	1
34	inter	ENSG00000172671	ENSG00000204175	10	-1	1	46111041	47000573	ENSMUSG00000042213	ENSMUSG00000071531	6	14	1	-1	115968636	116280316	35007630	35217473	57220	883046	1
35	inter	ENSG00000197444	mENSG00000204147	10	-1	1	50942689	52645435	ENSMUSG00000021913	mENSMUSG00000024887	14	19	1	-1	32898914	33161006	31943251	32589843	27736	1556389	1
36	inter	ENSG00000165471	ENSG00000150275	10	-1	-1	54525140	57387702	ENSMUSG00000024863	ENSMUSG00000052613	19	10	1	1	30172939	30314175	73284631	74495310	6320	1037391	1
37	inter	ENSG00000122884	mENSG00000166321	10	-1	1	74766975	74927853	ENSMUSG00000019916	mENSMUSG00000021809	10	14	1	1	58684701	58835684	21080598	21167306	89757	103242	1
38	intra	ENSG00000165424	ENSG00000220191	10	-1	1	81142081	81682791	ENSMUSG00000055538	ENSMUSG00000037780	14	14	-1	1	26531135	27354417	41918670	41972890	63302	538002	1
39	intra	ENSG00000133661	ENSG00000151224	10	-1	-1	81697496	82049440	ENSMUSG00000021795	ENSMUSG00000037798	14	14	-1	1	41985613	44985613	41918670	41972890	44874	334080	1
40	inter	mENSG00000173269	ENSG00000107789	10	1	1	88695297	89313145	mENSMUSG00000041445	ENSMUSG00000024896	14	19	-1	1	35007630	35217473	31943251	32589843	33941	569335	1
41	inter	ENSG00000198873	ENSG00000148908	10	1	-1	120967101	121302220	ENSMUSG00000003228	ENSMUSG00000030844	19	7	1	-1	60965652	61342430	135409190	135561686	248030	292239	1
42	intra	ENSG00000184350	mENSG00000167311	11	-1	1	3248883	3685646	ENSMUSG00000048965	mENSMUSG00000070424	7	7	-1	1	150964270	151008746	109006845	109259662	4733	410850	1
43	intra	ENSG00000070081	ENSG00000187486	11	1	-1	17298286	17410206	ENSMUSG00000030659	ENSMUSG00000070561	7	7	1	-1	123647883	125259674	53179442	53355267	54784	108512	1
44	inter	ENSG00000187398	ENSG00000148942	11	1	-1	24518556	26744973	ENSMUSG00000063297	ENSMUSG00000041644	7	2	1	1	62091329	63086817	110437455	111824253	581648	2170010	1
45	inter	ENSG00000198561	ENSG00000186509	11	1	1	57529234	57949036	ENSMUSG00000034101	ENSMUSG00000054526	2	19	-1	-1	84273012	84490922	13901949	14672473	57417	262119	1
46	inter	ENSG00000132740	ENSG00000172938	11	1	-1	68671319	68748455	ENSMUSG00000024831	ENSMUSG00000051207	19	7	-1	1	282979	3282979	152500740	152524553	36750	76171	1
47	intra	ENSG00000172890	ENSG00000110195	11	1	1	71164217	71907342	ENSMUSG00000031090	ENSMUSG00000001827	7	7	-1	-1	150964270	151008746	109006845	109259662	48362	736385	1
48	inter	ENSG00000086991	ENSG00000077616	11	-1	1	89057524	89925768	ENSMUSG00000030562	ENSMUSG00000043943	7	9	1	-1	93469534	94547216	18127464	18262009	167868	810294	1
49	intra	ENSG00000137760	ENSG00000110675	11	-1	1	107373452	107537505	ENSMUSG00000025899	ENSMUSG00000041986	9	9	1	-1	387050	3387050	53759267	53916188	63009	88365	1
50	intra	ENSG00000010379	mENSG00000073614	12	-1	1	329788	551811	ENSMUSG00000030108	mENSMUSG00000030180	6	6	1	-1	121133685	121287735	120275053	120433744	42214	59435	1
51	intra	mENSG00000151065	ENSG00000004478	12	1	1	2055216	2913124	mENSMUSG00000041477	ENSMUSG00000030357	6	6	-1	-1	118411968	119170224	128380125	129225387	751899	848903	1
52	intra	ENSG00000177575	ENSG00000111701	12	-1	-1	7623414	7818489	ENSMUSG00000008845	ENSMUSG00000040613	6	6	1	-1	123231807	124280545	122503827	122552462	32872	178582	1
53	intra	ENSG00000166523	ENSG00000111732	12	-1	-1	8685901	8765442	ENSMUSG00000030142	ENSMUSG00000040627	6	6	-1	1	123231807	124280545	122503827	122552462	7657	68861	1
54	intra	ENSG00000175899	ENSG00000110848	12	-1	-1	9220308	9913497	ENSMUSG00000030111	ENSMUSG00000030156	6	6	1	-1	121322951	121629244	128380125	129225387	48517	684774	1
55	inter	ENSG00000151746	ENSG00000139132	12	1	1	32260182	32798984	ENSMUSG00000003452	ENSMUSG00000022788	6	16	1	-1	149357506	149517037	16422071	17723023	270959	394795	1
56	inter	ENSG00000057294	ENSG00000110975	12	-1	-1	32943680	33592754	ENSMUSG00000041957	ENSMUSG00000063260	16	15	1	-1	15889320	16272805	89398757	89672200	106100	584680	1
57	inter	ENSG00000123360	ENSG00000135426	12	1	-1	54943404	55378456	ENSMUSG00000022489	ENSMUSG00000034833	15	10	1	1	103333729	103494974	129759933	129993255	29619	400461	1
58	intra	ENSG00000123307	ENSG00000205329	12	1	1	55413729	55726420	ENSMUSG00000048015	ENSMUSG00000049217	10	10	-1	1	128963285	129717296	128370869	128910685	10069	311756	1
59	intra	ENSG00000179695	mENSG00000170439	12	1	1	55845998	56106089	ENSMUSG00000047626	mENSMUSG00000025347	10	10	1	-1	128963285	129717296	128370869	128910685	938	229332	1
60	intra	ENSG00000187809	ENSG00000204954	12	-1	-1	104237534	104350993	ENSMUSG00000044937	ENSMUSG00000063320	10	10	1	-1	85517870	86239587	81091380	82085856	40038	106447	1
61	inter	ENSG00000110851	ENSG00000075035	12	-1	1	108126644	108644311	ENSMUSG00000035529	ENSMUSG00000063430	10	5	-1	1	85354715	85511073	113672249	114039679	28270	396867	1
62	intra	ENSG00000076513	ENSG00000122970	12	1	1	110437235	110656590	ENSMUSG00000041870	ENSMUSG00000029469	5	5	1	-1	115224957	115421047	123000511	123141441	39996	124905	1
63	intra	mENSG00000135100	ENSG00000089041	12	1	1	121416346	121623856	mENSMUSG00000029556	ENSMUSG00000029468	5	5	-1	1	115224957	115421047	123000511	123141441	37954	154332	1
64	intra	ENSG00000198598	ENSG00000177169	12	1	1	132312938	132407696	ENSMUSG00000029436	ENSMUSG00000029512	5	5	1	-1	130090088	130204937	111213507	111303152	23378	66341	1
65	intra	ENSG00000102678	mENSG00000151835	13	1	1	22245522	24007841	ENSMUSG00000021974	mENSMUSG00000048279	14	14	1	-1	58691523	60059714	61757294	61930773	33115	1509569	1
66	intra	ENSG00000027001	ENSG00000075673	13	-1	1	24304328	25285918	ENSMUSG00000021993	ENSMUSG00000022229	14	14	1	1	60997183	61522447	56718718	57007387	159230	950367	1
67	intra	ENSG00000151849	ENSG00000165566	13	-1	-1	25457171	25746426	ENSMUSG00000064128	ENSMUSG00000021986	14	14	-1	1	57145599	57316267	60997183	61522447	39914	278651	1
68	inter	ENSG00000180730	ENSG00000132964	13	-1	1	26618735	26979375	ENSMUSG00000044461	ENSMUSG00000029635	14	5	1	1	60059823	60250495	146044212	147114450	6463	209541	1
69	inter	ENSG00000133121	ENSG00000133083	13	-1	-1	33677270	36705443	ENSMUSG00000016128	ENSMUSG00000027797	5	3	-1	1	151840203	152537259	55046550	57098815	182622	2665852	1
70	inter	ENSG00000150907	ENSG00000102738	13	-1	-1	41129817	41345309	ENSMUSG00000044167	ENSMUSG00000031533	3	8	1	1	51491533	52151010	23521913	23680079	110917	173615	1
71	inter	ENSG00000102743	mENSG00000120690	13	1	1	41363548	41658137	ENSMUSG00000031482	mENSMUSG00000036461	8	14	-1	-1	23337812	23508961	79859744	80028783	23048	142508	1
72	intra	ENSG00000102531	mENSG00000102547	13	1	1	49550048	50018262	ENSMUSG00000033487	mENSMUSG00000021981	14	14	-1	-1	71174111	73109810	60059823	60250495	233840	272013	1
73	intra	ENSG00000136169	ENSG00000152213	13	1	1	50018510	50208008	ENSMUSG00000071350	ENSMUSG00000043157	14	14	-1	1	58691523	60059714	61757294	61930773	47796	183925	1
74	inter	ENSG00000139668	ENSG00000123191	13	1	-1	52158644	52585630	ENSMUSG00000014547	ENSMUSG00000006567	14	8	1	-1	63456581	63668797	20170548	23170548	175491	348165	1
75	intra	ENSG00000136098	ENSG00000136114	13	-1	-1	52706779	52980629	ENSMUSG00000031478	ENSMUSG00000031480	8	8	-1	1	23238759	23296276	23337812	23508961	27217	228300	1
76	inter	ENSG00000136108	ENSG00000165416	13	1	1	53029495	53262433	ENSMUSG00000037725	ENSMUSG00000022024	8	14	-1	1	23238759	23296276	79859744	80028783	20990	197349	1
77	inter	ENSG00000102466	ENSG00000134900	13	-1	1	102375035	103331521	ENSMUSG00000025551	ENSMUSG00000041763	14	1	-1	1	124377129	125194864	43806133	44059844	679089	874318	1
78	inter	ENSG00000134899	ENSG00000125255	13	1	-1	103497194	103719196	ENSMUSG00000026048	ENSMUSG00000023073	1	8	1	-1	44204692	44853671	4493453	5105232	31151	199156	1
79	intra	ENSG00000184394	ENSG00000176219	14	1	1	20611895	20692861	ENSMUSG00000048933	ENSMUSG00000050028	14	14	-1	1	50301343	50521616	50965051	51263044	926	79974	1
80	inter	ENSG00000100448	ENSG00000168952	14	-1	-1	25042762	25519270	ENSMUSG00000040314	ENSMUSG00000046314	14	12	-1	-1	56718718	57007387	45429971	46175470	2704	236100	1
81	inter	ENSG00000139921	ENSG00000186469	14	1	1	51706886	52436517	ENSMUSG00000021072	ENSMUSG00000043004	12	14	1	-1	71554145	72063045	20694714	20902320	17484	620164	1
82	intra	ENSG00000087303	ENSG00000125384	14	-1	1	52471521	52795324	ENSMUSG00000021806	ENSMUSG00000037759	14	14	1	1	19406094	20631009	42622888	45622888	65024	309592	1
83	inter	ENSG00000139971	ENSG00000131966	14	-1	1	58470774	58702351	ENSMUSG00000036242	ENSMUSG00000021076	14	12	-1	1	50301343	50521616	71554145	72063045	148157	196059	1
84	intra	ENSG00000170113	ENSG00000179455	15	-1	1	23043277	23813164	ENSMUSG00000047037	ENSMUSG00000070527	7	7	-1	-1	63233855	63487166	69563293	70903913	43566	767177	1
85	intra	ENSG00000128731	mENSG00000034053	15	-1	1	28356186	29862927	ENSMUSG00000030451	mENSMUSG00000030519	7	7	1	1	63233855	63487166	71432556	72301456	211112	857654	1
86	intra	ENSG00000104067	mENSG00000198690	15	-1	1	29991571	31283807	ENSMUSG00000030516	mENSMUSG00000033458	7	7	-1	-1	72441054	72846797	71432556	72301456	256926	1204536	1
87	inter	ENSG00000169918	ENSG00000166922	15	-1	1	31773281	32989299	ENSMUSG00000033510	ENSMUSG00000023236	7	2	1	-1	69563293	70903913	113616705	113839355	174261	1160596	1
88	intra	ENSG00000176454	ENSG00000159248	15	-1	-1	34651089	35046689	ENSMUSG00000027134	ENSMUSG00000068615	2	2	1	-1	111848403	112087268	113616705	113839355	8306	392144	1
89	inter	ENSG00000081014	ENSG00000183578	15	1	-1	51200946	51397473	ENSMUSG00000001998	ENSMUSG00000074345	2	9	1	-1	126834447	126959652	53759267	53916188	97151	147855	1
90	intra	ENSG00000104093	ENSG00000104112	15	-1	1	51739908	52013228	ENSMUSG00000041268	ENSMUSG00000032181	9	9	-1	-1	54212965	54407994	75491071	75748117	175059	233642	1
91	intra	ENSG00000182950	mENSG00000167196	15	1	1	76016318	76304785	ENSMUSG00000045620	mENSMUSG00000032309	9	9	-1	1	56466282	56699770	54875963	55131409	3711	179882	1
92	intra	ENSG00000169783	mENSG00000183476	15	-1	1	77905369	78423886	ENSMUSG00000049556	mENSMUSG00000046460	9	9	-1	1	56466282	56699770	54212965	54407994	19340	464781	1
93	intra	ENSG00000117971	ENSG00000136378	15	-1	-1	78916461	79103773	ENSMUSG00000035200	ENSMUSG00000032363	9	9	-1	1	54875963	55131409	90057816	91284186	17126	135085	1
94	inter	ENSG00000169330	ENSG00000086666	15	1	1	79724858	80430735	ENSMUSG00000039313	ENSMUSG00000030629	9	7	-1	-1	88344576	89517824	91763564	93455621	39774	627052	1
95	intra	ENSG00000188659	ENSG00000214575	15	1	-1	82555140	83316728	ENSMUSG00000038570	ENSMUSG00000025586	7	7	-1	-1	89319746	89797033	88358482	88599644	22122	656814	1
96	intra	ENSG00000140600	ENSG00000176371	15	1	1	84115980	85166947	ENSMUSG00000030638	ENSMUSG00000038797	7	7	1	1	89319746	89797033	87857673	88021397	171515	1028269	1
97	intra	ENSG00000073417	ENSG00000170776	15	1	1	85523671	86292586	ENSMUSG00000025584	ENSMUSG00000066406	7	7	1	1	88358482	88599644	82259783	82881525	158705	400200	1
98	intra	ENSG00000213471	ENSG00000140575	15	1	1	90792762	91045475	ENSMUSG00000045467	ENSMUSG00000030536	7	7	1	-1	87391262	87436238	87857673	88021397	15437	138688	1
99	intra	ENSG00000184056	ENSG00000185518	15	-1	1	91541646	91844539	ENSMUSG00000030534	ENSMUSG00000053025	7	7	1	-1	87391262	87436238	82259783	82881525	24187	101869	1
100	intra	ENSG00000185087	ENSG00000140443	15	-1	1	98980391	99507759	ENSMUSG00000074071	ENSMUSG00000005533	7	7	1	1	75381496	75507973	74877106	75378553	48816	211809	1
101	intra	ENSG00000183571	ENSG00000182253	15	-1	1	99511509	99675770	ENSMUSG00000030553	ENSMUSG00000030554	7	7	-1	-1	75381496	75507973	74877106	75378553	37282	133777	1
102	inter	mENSG00000185418	ENSG00000184140	15	1	1	102173880	102346876	mENSMUSG00000030515	ENSMUSG00000074949	7	2	-1	-1	72441054	72846797	111848403	112087268	90927	172022	1
103	inter	ENSG00000130656	ENSG00000007392	16	1	-1	202686	279462	ENSMUSG00000055609	ENSMUSG00000024188	11	17	1	1	32176602	32328183	26389855	26578740	1816	36282	1
104	intra	ENSG00000172382	ENSG00000167978	16	-1	1	2762419	2821411	ENSMUSG00000050762	ENSMUSG00000039218	17	17	1	1	24130502	24182916	23913884	23961706	7797	39911	1
105	intra	ENSG00000005001	ENSG00000162076	16	-1	1	2902728	2949383	ENSMUSG00000045027	ENSMUSG00000023911	17	17	-1	-1	24130502	24182916	23913884	23961706	5443	30459	1
106	inter	ENSG00000228146	ENSG00000168124	16	1	1	3194244	3255188	ENSMUSG00000067882	ENSMUSG00000051003	17	16	-1	1	21082459	23690455	593339	3593339	5720	60003	1
107	inter	ENSG00000103222	ENSG00000134419	16	1	-1	16043434	18801656	ENSMUSG00000023088	ENSMUSG00000008683	16	7	1	-1	14361653	14709488	123647883	125259674	193497	2749183	1
108	intra	ENSG00000157106	ENSG00000170537	16	-1	1	18816175	19074503	ENSMUSG00000030655	ENSMUSG00000042246	7	7	-1	-1	125274832	125591704	125679358	125818600	121551	179099	1
109	intra	ENSG00000103528	ENSG00000103534	16	1	1	19179571	19510435	ENSMUSG00000058420	ENSMUSG00000030650	7	7	-1	1	125274832	125591704	125679358	125818600	100081	242474	1
110	intra	ENSG00000103316	mENSG00000197006	16	-1	1	21269842	21668794	ENSMUSG00000030905	mENSMUSG00000030876	7	7	-1	1	127329898	127802717	128100556	128220348	44530	340955	1
111	intra	ENSG00000155719	ENSG00000140740	16	1	1	21689835	21994981	ENSMUSG00000034990	ENSMUSG00000030884	7	7	1	1	128226921	128645282	127329898	127802717	82215	274146	1
112	intra	ENSG00000140743	ENSG00000122254	16	-1	1	22357257	22927659	ENSMUSG00000030878	ENSMUSG00000046321	7	7	-1	1	128100556	128220348	128226921	128645282	28681	468241	1
113	intra	ENSG00000188322	mENSG00000188603	16	1	1	28303840	28518155	ENSMUSG00000042978	mENSMUSG00000030720	7	7	1	1	133416133	133513057	133635224	133738446	31320	184760	1
114	intra	ENSG00000176046	ENSG00000168488	16	-1	1	28548606	28848558	ENSMUSG00000030717	ENSMUSG00000032637	7	7	-1	-1	133766763	133848272	133635224	133738446	1889	285714	1
115	intra	ENSG00000213658	mENSG00000197471	16	1	1	28996147	29709325	ENSMUSG00000030742	mENSMUSG00000051457	7	7	-1	-1	133416133	133513057	134251285	134339502	5957	678153	1
116	intra	ENSG00000102879	ENSG00000169217	16	1	-1	30194892	30366682	ENSMUSG00000030707	ENSMUSG00000042502	7	7	-1	-1	133766763	133848272	134251285	134339502	5505	167195	1
117	inter	mENSG00000140675	ENSG00000069329	16	1	-1	31494439	46723104	mENSMUSG00000030781	ENSMUSG00000031696	7	8	1	-1	135409190	135561686	87633067	87823415	25295	15197452	1
118	intra	ENSG00000198373	ENSG00000090861	16	1	-1	69796209	70323409	ENSMUSG00000031930	ENSMUSG00000031960	8	8	1	1	109960317	110112382	113557815	113783116	179435	490081	1
119	intra	ENSG00000103035	ENSG00000090863	16	1	-1	74330673	74641042	ENSMUSG00000039067	ENSMUSG00000003316	8	8	-1	-1	109960317	110112382	113557815	113783116	13532	150655	1
120	intra	ENSG00000184811	ENSG00000108953	17	1	-1	1182957	1303505	ENSMUSG00000046275	ENSMUSG00000020849	11	11	1	1	76493375	76577057	75546440	75609559	21324	64609	1
121	intra	ENSG00000188176	ENSG00000161905	17	1	-1	4487294	4544958	ENSMUSG00000045667	ENSMUSG00000018924	11	11	-1	-1	72158224	72225215	70051628	70165533	24320	46920	1
122	intra	ENSG00000167858	ENSG00000219200	17	-1	1	6701312	6917850	ENSMUSG00000020799	ENSMUSG00000040904	11	11	-1	-1	72158224	72225215	70051628	70165533	33768	214486	1
123	intra	ENSG00000187607	ENSG00000170425	17	1	1	15602891	15879060	ENSMUSG00000047342	ENSMUSG00000018500	11	11	-1	1	62518973	62602925	61770265	62079954	45201	245340	1
124	intra	ENSG00000141040	ENSG00000133030	17	-1	1	16453631	17088874	ENSMUSG00000005267	ENSMUSG00000005417	11	11	-1	1	62518973	62602925	59384284	59594356	18889	492443	1
125	intra	ENSG00000176974	ENSG00000141127	17	-1	1	18231187	18834581	ENSMUSG00000020534	ENSMUSG00000020528	11	11	-1	-1	60602399	60673697	61543159	61668594	35669	512211	1
126	intra	ENSG00000108602	ENSG00000083290	17	-1	-1	19641297	19771249	ENSMUSG00000019102	ENSMUSG00000004798	11	11	1	-1	60836066	61031923	61543159	61668594	10449	32846	1
127	intra	ENSG00000128487	ENSG00000109016	17	1	1	19912614	21094836	ENSMUSG00000042331	ENSMUSG00000042569	11	11	1	1	61770265	62079954	60602399	60673697	309725	1117644	1
128	intra	ENSG00000184185	ENSG00000109046	17	1	1	21279699	25640657	ENSMUSG00000042529	ENSMUSG00000017677	11	11	1	-1	60836066	61031923	79052889	79317531	40705	4341407	1
129	intra	ENSG00000108587	ENSG00000176390	17	1	-1	28804426	29151778	ENSMUSG00000010392	ENSMUSG00000017561	11	11	-1	-1	76493375	76577057	79806608	79894459	49411	305300	1
130	intra	ENSG00000181481	ENSG00000126861	17	1	-1	29298041	29624349	ENSMUSG00000020707	ENSMUSG00000049612	11	11	1	-1	79997374	80080313	79052889	79317531	28888	323624	1
131	intra	ENSG00000178691	ENSG00000126858	17	1	1	30264056	30552746	ENSMUSG00000017548	ENSMUSG00000017686	11	11	1	1	79806608	79894459	79997374	80080313	64008	205417	1
132	intra	ENSG00000161570	mENSG00000108278	17	-1	1	34198495	34895150	ENSMUSG00000035042	mENSMUSG00000020526	11	11	-1	-1	83339285	83719419	84689815	84779546	9302	643984	1
133	intra	ENSG00000108753	ENSG00000188888	17	-1	-1	36046434	36499730	ENSMUSG00000020679	ENSMUSG00000070337	11	11	1	-1	83339285	83719419	97067176	97213387	58803	435059	1
134	intra	ENSG00000159314	ENSG00000120088	17	-1	1	43471275	43913193	ENSMUSG00000034255	ENSMUSG00000018634	11	11	-1	1	103192811	103511894	103683099	104036832	39844	390371	1
135	intra	ENSG00000120071	ENSG00000073969	17	-1	1	44107334	44834833	ENSMUSG00000018412	ENSMUSG00000034187	11	11	-1	-1	104194543	104411934	103683099	104036832	162832	560741	1
136	intra	ENSG00000179673	ENSG00000004897	17	-1	-1	45055523	45266665	ENSMUSG00000046215	ENSMUSG00000020687	11	11	1	-1	103192811	103511894	104194543	104411934	1091	139787	1
137	intra	ENSG00000178852	ENSG00000141279	17	1	1	45401347	45700641	ENSMUSG00000040838	ENSMUSG00000001441	11	11	1	-1	104547021	105212459	97067176	97213387	117328	207097	1
138	intra	ENSG00000189050	ENSG00000167434	17	-1	1	58029601	58236901	ENSMUSG00000020521	ENSMUSG00000000805	11	11	1	1	86079217	86310049	84689815	84779546	12521	197696	1
139	intra	ENSG00000108510	ENSG00000011028	17	-1	1	60019967	60770953	ENSMUSG00000034297	ENSMUSG00000020695	11	11	-1	1	86079217	86310049	104547021	105212459	122676	684795	1
140	intra	ENSG00000215769	ENSG00000120063	17	-1	-1	62745781	63052920	ENSMUSG00000018362	ENSMUSG00000020611	11	11	-1	1	106849950	106891268	109224145	109472746	13050	259626	1
141	intra	ENSG00000186665	mENSG00000196704	17	-1	1	65987218	66453653	ENSMUSG00000078607	mENSMUSG00000020610	11	11	1	1	106849950	106891268	109224145	109472746	2547	256927	1
142	inter	ENSG00000177143	ENSG00000080986	18	1	1	580367	2616634	ENSMUSG00000050996	ENSMUSG00000024056	18	17	-1	-1	9314042	9619476	71845442	72007231	1157	1991143	1
143	inter	ENSG00000168454	ENSG00000154856	18	1	1	9885766	10488698	ENSMUSG00000050612	ENSMUSG00000071847	17	18	-1	1	65605345	65989096	62767193	63112849	2390	568859	1
144	intra	ENSG00000168738	mENSG00000141404	18	-1	1	10794068	11908779	ENSMUSG00000048320	mENSMUSG00000024524	18	18	-1	1	63269227	63852013	67018696	67405296	77345	895197	1
145	intra	ENSG00000185231	ENSG00000067900	18	-1	-1	13882043	18691812	ENSMUSG00000045569	ENSMUSG00000024290	18	18	-1	-1	68566561	69844180	9958178	10181315	33492	4647658	1
146	intra	ENSG00000132872	ENSG00000152217	18	-1	1	40847859	42648475	ENSMUSG00000024261	ENSMUSG00000024548	18	18	-1	-1	31597462	31882715	78950752	80348221	9756	1412279	1
147	intra	ENSG00000196628	ENSG00000091164	18	-1	-1	52889562	54305920	ENSMUSG00000053477	ENSMUSG00000024583	18	18	1	-1	68566561	69844180	63269227	63852013	413623	1374877	1
148	inter	ENSG00000166603	ENSG00000101542	18	-1	1	58038564	59223006	ENSMUSG00000047259	ENSMUSG00000050840	18	1	-1	1	67018696	67405296	103891255	106891255	1437	1119211	1
149	inter	ENSG00000171451	ENSG00000166479	18	-1	-1	65173819	66382362	ENSMUSG00000038702	ENSMUSG00000024614	1	18	-1	1	113755279	116755279	90679546	90772031	10398	1167108	1
150	intra	ENSG00000172009	ENSG00000104953	19	1	1	2785506	2995182	ENSMUSG00000004929	ENSMUSG00000034758	10	10	1	-1	80532862	80561619	81053650	81090302	28082	191347	1
151	intra	ENSG00000060566	ENSG00000077463	19	1	-1	4153629	4182596	ENSMUSG00000035041	ENSMUSG00000034748	10	10	-1	-1	80532862	80561619	81053650	81090302	19421	20477	1
152	inter	ENSG00000089847	ENSG00000105246	19	1	1	4186267	4237515	ENSMUSG00000054708	ENSMUSG00000003206	10	17	1	1	81091380	82085856	55585015	56096444	38544	43228	1
153	intra	ENSG00000174898	ENSG00000141994	19	1	-1	5720688	5791194	ENSMUSG00000040828	ENSMUSG00000007603	17	17	1	1	56790297	56851184	56904201	56970436	58057	64463	1
154	intra	ENSG00000031823	ENSG00000087903	19	-1	-1	5916154	6110664	ENSMUSG00000002372	ENSMUSG00000024206	17	17	1	-1	56790297	56851184	56904201	56970436	62166	77021	1
155	inter	ENSG00000174837	ENSG00000228975	19	1	1	6887582	7443341	ENSMUSG00000004730	ENSMUSG00000074497	17	8	1	1	57498114	59152702	390295	3390295	52881	540084	1
156	inter	ENSG00000090661	ENSG00000167775	19	1	-1	8274228	8373239	ENSMUSG00000008206	ENSMUSG00000002308	8	17	1	1	4493453	5105232	33980036	34052461	53077	92783	1
157	inter	ENSG00000142303	ENSG00000167785	19	-1	-1	8645126	8942935	ENSMUSG00000024299	ENSMUSG00000056712	17	9	1	-1	32589668	33690712	18127464	18262009	28057	275256	1
158	inter	ENSG00000102575	ENSG00000173875	19	-1	1	11685477	12742735	ENSMUSG00000001348	ENSMUSG00000074194	9	8	-1	-1	21931175	22692718	87633067	87823415	4324	1036255	1
159	inter	ENSG00000099795	ENSG00000127529	19	-1	1	14676892	15053260	ENSMUSG00000033938	ENSMUSG00000051190	8	10	1	-1	85913766	86095522	78309696	78996532	5994	375409	1
160	inter	mENSG00000105137	ENSG00000074181	19	1	-1	15218214	15311792	mENSMUSG00000032714	ENSMUSG00000038146	10	17	-1	-1	77888415	78054691	32173107	32303797	18363	52231	1
161	inter	ENSG00000171954	ENSG00000186529	19	1	1	15636144	15771570	ENSMUSG00000061126	ENSMUSG00000003484	17	8	1	-1	32589668	33690712	74512381	74704747	26983	115563	1
162	intra	ENSG00000161047	ENSG00000167461	19	-1	1	15932803	16244443	ENSMUSG00000083194	ENSMUSG00000003037	8	8	1	1	74232552	74492718	74512381	74704747	1794	289687	1
163	intra	ENSG00000127533	ENSG00000131351	19	1	-1	16999826	17186343	ENSMUSG00000050147	ENSMUSG00000035439	8	8	1	-1	75285788	77417405	73406791	73796275	3004	160747	1
164	intra	ENSG00000130477	ENSG00000130475	19	-1	1	17712137	17899371	ENSMUSG00000034799	ENSMUSG00000070000	8	8	-1	-1	74153322	74214474	74232552	74492718	87264	150199	1
165	intra	ENSG00000105639	ENSG00000105641	19	-1	1	17927324	18005982	ENSMUSG00000031805	ENSMUSG00000000792	8	8	1	-1	74153322	74214474	73406791	73796275	31546	55458	1
166	inter	ENSG00000105726	ENSG00000105171	19	-1	1	19756007	30106706	ENSMUSG00000031862	ENSMUSG00000030423	8	7	1	-1	71659402	72331637	39047839	49398538	18495	10341194	1
167	intra	ENSG00000167635	ENSG00000142065	19	1	-1	36705504	36870078	ENSMUSG00000037029	ENSMUSG00000053985	7	7	-1	-1	30936866	30954746	30715834	30836388	24169	121658	1
168	intra	ENSG00000189042	ENSG00000196967	19	1	-1	37180302	37663628	ENSMUSG00000078767	ENSMUSG00000062040	7	7	1	-1	30936866	30954746	30569103	30691123	31921	417337	1
169	intra	ENSG00000196437	ENSG00000120784	19	-1	-1	37902062	38146313	ENSMUSG00000059975	ENSMUSG00000047473	7	7	-1	1	30715834	30836388	30569103	30691123	56277	221327	1
170	intra	ENSG00000171570	ENSG00000130612	19	1	1	41305048	41406413	ENSMUSG00000058709	ENSMUSG00000049685	7	7	-1	1	27904974	27951774	26587494	27606223	9288	91683	1
171	intra	ENSG00000197446	ENSG00000167600	19	1	1	41620353	41713443	ENSMUSG00000052974	ENSMUSG00000040703	7	7	1	-1	27904974	27951774	26587494	27606223	13928	78762	1
172	intra	ENSG00000123810	ENSG00000183103	19	-1	-1	41860327	42348736	ENSMUSG00000063439	ENSMUSG00000062732	7	7	1	-1	26185072	26471575	25421552	25654710	9710	480821	1
173	intra	ENSG00000189377	ENSG00000124466	19	-1	-1	42932440	43969831	ENSMUSG00000060188	ENSMUSG00000057454	7	7	-1	1	26185072	26471575	25421552	25654710	14760	1032506	1
174	intra	mENSG00000185453	ENSG00000105479	19	1	-1	48618703	48825130	mENSMUSG00000070814	ENSMUSG00000040189	7	7	-1	1	13627710	13896740	53179442	53355267	82174	181007	1
175	inter	ENSG00000105370	ENSG00000227768	19	-1	1	51883164	52208376	ENSMUSG00000004613	ENSMUSG00000080316	7	17	1	1	47691361	50691361	17664687	17976035	8033	324152	1
176	inter	ENSG00000105568	ENSG00000142405	19	1	-1	52693274	54327648	ENSMUSG00000007564	ENSMUSG00000078817	17	7	1	-1	21082459	23690455	249741	3249741	37413	1603583	1
177	intra	ENSG00000197487	ENSG00000198440	19	1	1	56687389	56936400	ENSMUSG00000034660	ENSMUSG00000030443	7	7	1	-1	6148692	6259485	6267262	6335315	9755	228329	1
178	intra	ENSG00000198046	ENSG00000196263	19	-1	1	56951208	57040270	ENSMUSG00000054893	ENSMUSG00000055150	7	7	1	1	6148692	6259485	6267262	6335315	37535	68004	1
179	intra	ENSG00000131864	ENSG00000177025	19	1	-1	57633693	58485904	ENSMUSG00000051527	ENSMUSG00000030385	7	7	1	1	6683294	9683294	13097885	13357393	9601	836114	1
180	intra	ENSG00000166704	ENSG00000121413	19	-1	-1	58488449	58629793	ENSMUSG00000030386	ENSMUSG00000070822	7	7	1	-1	10081577	13081577	13097885	13357393	26265	106761	1
181	intra	ENSG00000143797	mENSG00000151693	2	-1	1	8992820	9563676	ENSMUSG00000020646	mENSMUSG00000052632	12	12	1	1	25393148	25644713	18292054	21292054	151122	354074	1
182	intra	ENSG00000171848	ENSG00000115761	2	1	-1	10262455	10830101	ENSMUSG00000020649	ENSMUSG00000061458	12	12	1	1	25393148	25644713	17355264	20355264	9091	448437	1
183	inter	ENSG00000084733	ENSG00000157833	2	1	1	26256976	26412513	ENSMUSG00000020671	ENSMUSG00000044576	12	5	-1	1	309959	3309959	30062480	30444918	103347	138039	1
184	inter	ENSG00000163803	ENSG00000163811	2	1	1	28680012	29171088	ENSMUSG00000029134	ENSMUSG00000041057	5	17	1	1	32535087	33370609	71845442	72007231	186601	437497	1
185	inter	ENSG00000179915	ENSG00000068878	2	-1	-1	50145643	54197977	ENSMUSG00000024109	ENSMUSG00000040850	17	11	-1	1	90436240	94488574	30671775	31270061	1114031	3945561	1
186	inter	ENSG00000204923	mENSG00000169621	2	-1	1	68689486	68882994	ENSMUSG00000044966	mENSMUSG00000030051	11	6	1	-1	16652206	16854775	87528588	87684010	4904	5207	1
187	intra	ENSG00000183733	ENSG00000152672	2	-1	-1	71004442	71047732	ENSMUSG00000030001	ENSMUSG00000014542	6	6	1	-1	85897181	85970990	83493207	83606110	13333	31333	1
188	intra	ENSG00000144048	ENSG00000124356	2	-1	1	73989311	74100786	ENSMUSG00000030002	ENSMUSG00000006906	6	6	-1	-1	85897181	85970990	83493207	83606110	17973	66775	1
189	inter	ENSG00000153574	ENSG00000172005	2	1	1	88991162	95719737	ENSMUSG00000053604	ENSMUSG00000027375	6	2	-1	-1	67372926	70742169	127458966	127555633	59265	6700260	1
190	inter	ENSG00000121152	ENSG00000163121	2	1	-1	97001525	97173846	ENSMUSG00000034906	ENSMUSG00000047180	2	1	-1	-1	126834447	126959652	36200331	36330270	38058	161858	1
191	inter	ENSG00000115652	ENSG00000144057	2	-1	-1	106709759	107503564	ENSMUSG00000057363	ENSMUSG00000024172	1	17	-1	1	43806133	44059844	55585015	56096444	101036	708297	1
192	inter	ENSG00000198203	ENSG00000135968	2	1	1	108905095	109125871	ENSMUSG00000023122	ENSMUSG00000038039	17	10	-1	1	53815381	53985283	57514350	57768337	21276	159922	1
193	inter	ENSG00000198142	ENSG00000144063	2	1	-1	110371911	110874143	ENSMUSG00000071286	ENSMUSG00000027377	10	2	1	-1	58684701	58835684	127458966	127555633	4652	469536	1
194	intra	ENSG00000125538	ENSG00000136688	2	-1	1	113587328	113743220	ENSMUSG00000027398	ENSMUSG00000044103	2	2	-1	1	129190314	129525674	23858447	24049087	7152	143452	1
195	inter	ENSG00000125618	ENSG00000115084	2	-1	-1	113973574	114514400	ENSMUSG00000026976	ENSMUSG00000026342	2	1	-1	1	24276076	24618672	127457600	127808791	62924	489014	1
196	inter	ENSG00000211460	ENSG00000136717	2	1	-1	122494679	127864931	ENSMUSG00000026374	ENSMUSG00000024381	1	18	-1	1	114837495	120207747	32536911	32979446	30750	5310924	1
197	inter	ENSG00000136715	ENSG00000136731	2	-1	1	128698792	128953251	ENSMUSG00000024260	ENSMUSG00000037470	18	1	1	-1	31597462	31882715	36200331	36330270	86902	149982	1
198	intra	ENSG00000136720	mENSG00000136710	2	-1	1	128994290	131105383	ENSMUSG00000045216	mENSMUSG00000042111	1	1	1	1	34906804	36163289	33965125	34501800	81861	2101524	1
199	intra	ENSG00000115762	ENSG00000150551	2	1	-1	131862420	133429152	ENSMUSG00000026123	ENSMUSG00000026344	1	1	1	-1	34906804	36163289	127457600	127808791	248862	1540006	1
200	inter	ENSG00000144229	ENSG00000150540	2	1	1	137523115	138773930	ENSMUSG00000042581	ENSMUSG00000026986	1	2	1	-1	131170051	132558176	23858447	24049087	912172	1198475	1
201	intra	ENSG00000144227	ENSG00000115919	2	-1	1	139428342	143799890	ENSMUSG00000069132	ENSMUSG00000026866	2	2	1	1	23012066	23257493	39166687	43538235	109576	4206725	1
202	inter	ENSG00000003436	ENSG00000144366	2	-1	1	188328957	189460653	ENSMUSG00000027082	ENSMUSG00000056870	2	1	-1	1	84273012	84490922	44204692	44853671	101530	827439	1
203	intra	ENSG00000138449	ENSG00000138381	2	-1	1	190425305	190535557	ENSMUSG00000025993	ENSMUSG00000026095	1	1	-1	-1	45964915	46910354	53401488	53763628	23179	100841	1
204	intra	ENSG00000196950	ENSG00000118997	2	1	-1	196440701	196935730	ENSMUSG00000025986	ENSMUSG00000067534	1	1	-1	-1	45964915	46910354	53401488	53763628	161725	161726	1
205	intra	ENSG00000088833	ENSG00000101327	20	-1	-1	1422807	1974703	ENSMUSG00000027455	ENSMUSG00000027400	2	2	1	-1	150760255	151337003	129190314	129525674	25530	536598	1
206	intra	ENSG00000101004	ENSG00000215547	20	-1	1	25433341	29847435	ENSMUSG00000068115	ENSMUSG00000074679	2	2	-1	1	150760255	151337003	152333534	152347183	132812	4412126	1
207	inter	ENSG00000173276	ENSG00000177398	21	-1	1	43406940	43563105	ENSMUSG00000046962	ENSMUSG00000054134	16	17	-1	1	98168599	98319150	31038812	31147653	23556	76128	1
208	inter	ENSG00000160208	ENSG00000160213	21	1	-1	45079429	45196326	ENSMUSG00000058392	ENSMUSG00000005054	17	10	1	1	32173107	32303797	77888415	78054691	36531	112964	1
209	inter	mENSG00000215193	ENSG00000070413	22	1	-1	18560689	19109967	mENSMUSG00000067825	ENSMUSG00000003166	6	16	1	-1	121133685	121287735	17759764	17891762	53809	463110	1
210	intra	ENSG00000100075	mENSG00000100084	22	-1	1	19163095	19435755	ENSMUSG00000003528	mENSMUSG00000022702	16	16	-1	-1	17925660	18152499	18836673	19706458	3248	155126	1
211	intra	ENSG00000040608	mENSG00000244486	22	-1	1	20228938	20850170	ENSMUSG00000043811	mENSMUSG00000012017	16	16	1	-1	17925660	18152499	17759764	17891762	41831	549936	1
212	inter	ENSG00000099917	mENSG00000100218	22	1	1	20850200	23487208	ENSMUSG00000012114	mENSMUSG00000009070	16	10	-1	1	16422071	17723023	73284631	74495310	91719	2551393	1
213	intra	ENSG00000100228	ENSG00000128218	22	1	-1	23487513	24096655	ENSMUSG00000020175	ENSMUSG00000000903	10	10	1	1	74499834	74797533	75405802	75700610	19024	607342	1
214	intra	ENSG00000099998	mENSG00000100014	22	-1	1	24615622	24838328	ENSMUSG00000006344	mENSMUSG00000033444	10	10	1	1	74969570	75079945	74499834	74797533	25488	51164	1
215	inter	mENSG00000138867	ENSG00000167037	22	1	1	24936406	25323545	mENSMUSG00000033416	ENSMUSG00000042216	10	5	1	-1	74969570	75079945	113672249	114039679	70092	265830	1
216	inter	mENSG00000183765	ENSG00000159873	22	1	1	29083731	29185283	mENSMUSG00000029521	ENSMUSG00000020482	5	11	-1	-1	111213507	111303152	5428893	5607690	69772	84931	1
217	inter	ENSG00000100105	ENSG00000128245	22	-1	1	31721790	32353590	ENSMUSG00000020453	ENSMUSG00000018965	11	5	1	1	209086	3209086	32535087	33370609	20428	618657	1
218	inter	ENSG00000100170	mENSG00000100220	22	1	1	32439019	32894818	ENSMUSG00000011034	mENSMUSG00000001783	5	10	1	1	33446883	33560832	85354715	85511073	69997	344550	1
219	inter	mENSG00000185666	ENSG00000175329	22	1	1	32908539	35486030	mENSMUSG00000059602	ENSMUSG00000031621	10	8	1	1	85517870	86239587	75285788	77417405	545819	2553590	1
220	inter	ENSG00000100302	ENSG00000198125	22	1	-1	35936915	36033998	ENSMUSG00000034472	ENSMUSG00000018893	8	15	1	-1	77737837	78508402	76778969	76853070	13133	65896	1
221	intra	ENSG00000144713	ENSG00000144711	3	-1	-1	12875984	13114617	ENSMUSG00000057841	ENSMUSG00000034312	6	6	-1	-1	115755530	115788430	90554958	90713816	7103	62735	1
222	inter	ENSG00000131381	mENSG00000131375	3	-1	1	15111580	15382887	ENSMUSG00000014550	mENSMUSG00000021893	6	14	-1	1	92136707	92656139	32073615	32249251	29090	136079	1
223	inter	ENSG00000154814	ENSG00000131378	3	1	-1	16306706	16555533	ENSMUSG00000021906	ENSMUSG00000039316	14	17	1	-1	32898914	33161006	49754541	50329822	40888	50646	1
224	inter	ENSG00000129810	ENSG00000182247	3	-1	1	20202085	23633284	ENSMUSG00000023940	ENSMUSG00000058317	17	14	-1	-1	53815381	53985283	19406094	20631009	25699	3042426	1
225	inter	ENSG00000033867	ENSG00000163508	3	-1	-1	27414214	27764202	ENSMUSG00000021733	ENSMUSG00000032446	14	9	1	1	14944699	15632457	118387330	118491640	111697	343226	1
226	intra	ENSG00000093167	ENSG00000144674	3	-1	1	37094117	37408242	ENSMUSG00000032497	ENSMUSG00000038708	9	9	1	1	110957339	111127829	118387330	118491640	131063	190551	1
227	intra	ENSG00000008226	ENSG00000172936	3	1	1	38080696	38184513	ENSMUSG00000038060	ENSMUSG00000032508	9	9	1	-1	119011627	119099511	119245118	119302447	84820	99273	1
228	intra	ENSG00000144671	ENSG00000093217	3	1	1	38323785	38462839	ENSMUSG00000070280	ENSMUSG00000035769	9	9	-1	1	119011627	119099511	119245118	119302447	36281	64466	1
229	intra	ENSG00000183625	ENSG00000121797	3	1	1	46205096	46451014	ENSMUSG00000035448	ENSMUSG00000043953	9	9	1	-1	123936704	124076172	110957339	111127829	103015	243558	1
230	inter	mENSG00000164091	ENSG00000114841	3	1	1	52288437	52434507	mENSMUSG00000020257	ENSMUSG00000019027	9	14	-1	-1	105657872	106093452	32073615	32249251	40835	61898	1
231	intra	ENSG00000163681	ENSG00000136068	3	1	1	57741177	58157978	ENSMUSG00000021870	ENSMUSG00000025278	14	14	-1	1	26531135	27354417	5784097	8784097	173718	252950	1
232	inter	ENSG00000163636	ENSG00000163637	3	-1	-1	63996225	64253655	ENSMUSG00000021737	ENSMUSG00000030020	14	6	-1	-1	14944699	15632457	92136707	92656139	13286	83318	1
233	inter	ENSG00000113805	ENSG00000185008	3	-1	1	74311719	77699115	ENSMUSG00000030075	ENSMUSG00000052516	6	16	-1	-1	102113300	103699671	73892551	75603074	258572	1644107	1
234	inter	ENSG00000144909	ENSG00000114544	3	-1	-1	125247702	125803134	ENSMUSG00000022807	ENSMUSG00000030089	16	6	1	1	33062607	33243397	90554958	90713816	66232	477498	1
235	intra	ENSG00000075785	ENSG00000114654	3	1	1	128444965	128759583	ENSMUSG00000079477	ENSMUSG00000030053	6	6	-1	1	87930415	87995239	87528588	87684010	88674	275507	1
236	intra	ENSG00000184897	ENSG00000172771	3	-1	-1	129033615	129147494	ENSMUSG00000044927	ENSMUSG00000030321	6	6	-1	-1	87930415	87995239	115755530	115788430	1502	86550	1
237	inter	ENSG00000172765	ENSG00000206384	3	-1	1	129366635	130395876	ENSMUSG00000030126	ENSMUSG00000043719	6	9	-1	-1	115968636	116280316	105657872	106093452	245768	912543	1
238	inter	mENSG00000174963	ENSG00000153002	3	1	1	147103833	148577974	mENSMUSG00000036972	ENSMUSG00000011463	9	3	-1	-1	90057816	91284186	20149383	22110890	124247	1405056	1
239	intra	mENSG00000163755	ENSG00000169908	3	1	-1	148847371	149095652	mENSMUSG00000027615	ENSMUSG00000027800	3	3	-1	-1	19593414	19935302	55046550	57098815	92471	239438	1
240	intra	ENSG00000173905	ENSG00000184378	3	-1	-1	167726465	169487683	ENSMUSG00000034109	ENSMUSG00000037737	3	3	-1	-1	75680105	78680105	28704433	30498792	87298	1758248	1
241	intra	mENSG00000013297	ENSG00000163584	3	1	-1	170136653	170588272	mENSMUSG00000037625	ENSMUSG00000039221	3	3	1	1	31048868	32099102	28704433	30498792	441516	446011	1
242	intra	ENSG00000177565	ENSG00000197584	3	-1	1	176737143	178562217	ENSMUSG00000027630	ENSMUSG00000037610	3	3	1	1	20149383	22110890	31048868	32099102	178118	1253577	1
243	inter	ENSG00000078070	ENSG00000078081	3	-1	-1	182733006	182881627	ENSMUSG00000027709	ENSMUSG00000041247	3	16	-1	-1	35858763	36374590	18836673	19706458	100857	106995	1
244	intra	ENSG00000189058	ENSG00000176945	3	-1	1	195295573	195467994	ENSMUSG00000022548	ENSMUSG00000035638	16	16	-1	-1	31297206	31457583	32777505	32908961	15503	152180	1
245	intra	ENSG00000161267	mENSG00000145016	3	-1	1	197236654	197511187	ENSMUSG00000046598	mENSMUSG00000035629	16	16	1	1	31297206	31457583	32777505	32908961	63540	161610	1
246	intra	ENSG00000215367	ENSG00000159674	4	-1	-1	1109048	1166980	ENSMUSG00000004821	ENSMUSG00000037379	5	5	-1	-1	109206254	110600991	33446883	33560832	38466	51672	1
247	intra	ENSG00000184160	ENSG00000163982	4	1	-1	3768296	4228616	ENSMUSG00000045318	ENSMUSG00000051596	5	5	1	1	35621363	35735521	38667211	38713549	1957	422157	1
248	intra	ENSG00000215612	ENSG00000169676	4	-1	1	8868773	9785632	ENSMUSG00000067438	ENSMUSG00000039358	5	5	1	1	35621363	35735521	38667211	38713549	4770	914485	1
249	intra	ENSG00000198092	ENSG00000083896	4	-1	-1	68918916	69215807	ENSMUSG00000048764	ENSMUSG00000035851	5	5	-1	1	86950555	87174840	87233246	87766201	76682	257189	1
250	intra	ENSG00000087128	ENSG00000135220	4	1	-1	69313167	69817509	ENSMUSG00000054537	ENSMUSG00000035780	5	5	-1	-1	86950555	87174840	87233246	87766201	50155	481014	1
251	inter	ENSG00000118777	ENSG00000163644	4	-1	-1	89011421	89205888	ENSMUSG00000029299	ENSMUSG00000037826	5	6	-1	-1	105364076	105915208	56664899	57485420	68643	167342	1
252	intra	ENSG00000145337	mENSG00000138641	4	-1	1	89442136	89629693	ENSMUSG00000043162	mENSMUSG00000029804	6	6	-1	1	57639343	57689432	57702259	58870388	2828	71438	1
253	inter	ENSG00000163106	ENSG00000163110	4	-1	1	95219686	95589377	ENSMUSG00000029919	ENSMUSG00000028273	6	3	-1	-1	65069358	65584034	141904328	142185307	44341	153352	1
254	inter	ENSG00000145384	ENSG00000138738	4	-1	-1	120238405	121844020	ENSMUSG00000023057	ENSMUSG00000029913	3	6	1	1	122241643	122602421	65728956	66971344	5140	1374665	1
255	inter	ENSG00000050730	ENSG00000164111	4	-1	-1	122052563	122618247	ENSMUSG00000044162	ENSMUSG00000027712	6	3	1	-1	65069358	65584034	35858763	36374590	96058	536547	1
256	inter	ENSG00000196782	ENSG00000153132	4	-1	-1	140637545	141348815	ENSMUSG00000061143	ENSMUSG00000002190	3	8	-1	1	51491533	52151010	85913766	86095522	174585	672062	1
257	inter	ENSG00000234828	ENSG00000170390	4	-1	1	150351087	151178583	ENSMUSG00000031620	ENSMUSG00000028078	8	3	1	-1	77737837	78508402	86590081	86978622	385893	648339	1
258	inter	ENSG00000109756	ENSG00000145414	4	1	-1	160188998	164088073	ENSMUSG00000062232	ENSMUSG00000014907	3	8	-1	1	75680105	78977120	69384116	70525862	92299	3858862	1
259	inter	ENSG00000124275	ENSG00000112902	5	1	-1	7869217	9546158	ENSMUSG00000034617	ENSMUSG00000022231	13	15	-1	1	67034359	68720998	32174568	32964476	32020	1165921	1
260	inter	ENSG00000112964	ENSG00000151881	5	1	-1	42424026	43483987	ENSMUSG00000055737	ENSMUSG00000074634	15	13	-1	1	533230	3533230	120276846	120284312	297953	1020746	1
261	inter	mENSG00000153113	ENSG00000113441	5	1	1	95997777	96373219	mENSMUSG00000021585	ENSMUSG00000023845	13	17	-1	-1	74487782	74945958	17664687	17976035	146115	273391	1
262	inter	ENSG00000153922	ENSG00000174132	5	-1	1	98190919	99922445	ENSMUSG00000023852	ENSMUSG00000051185	17	1	1	1	15658525	15907328	95934884	97231102	71319	1680090	1
263	intra	ENSG00000173930	ENSG00000145730	5	-1	1	101569690	102366809	ENSMUSG00000040693	ENSMUSG00000026335	1	1	-1	-1	98714308	99558651	99717672	102717672	62563	631833	1
264	inter	ENSG00000181751	ENSG00000112874	5	1	-1	102594403	102898494	ENSMUSG00000044768	ENSMUSG00000024228	1	17	-1	-1	98714308	99558651	57498114	59152702	19958	290153	1
265	inter	ENSG00000186952	ENSG00000145777	5	-1	1	109755813	110413722	ENSMUSG00000045036	ENSMUSG00000024379	17	18	-1	1	65605345	65989096	32536911	32979446	306568	649965	1
266	intra	ENSG00000129625	ENSG00000172795	5	-1	1	112212084	112356667	ENSMUSG00000005873	ENSMUSG00000024472	18	18	-1	1	34504543	34666477	44231047	44578148	45982	100349	1
267	inter	ENSG00000198108	ENSG00000186687	5	1	1	129240523	130541119	ENSMUSG00000058152	ENSMUSG00000020268	18	11	1	-1	59335331	60718416	54640370	54723878	280961	1265980	1
268	inter	ENSG00000113615	ENSG00000164615	5	1	1	133984479	134087847	ENSMUSG00000036391	ENSMUSG00000021501	11	13	-1	1	51456592	51570336	55701426	55733771	79122	89712	1
269	inter	ENSG00000177733	mENSG00000078795	5	-1	1	137087075	137368802	ENSMUSG00000007836	mENSMUSG00000014503	13	18	-1	1	58228757	58266052	34504543	34666477	2964	138050	1
270	intra	ENSG00000178172	ENSG00000214510	5	1	1	147582404	147665770	ENSMUSG00000055095	ENSMUSG00000073551	18	18	1	-1	44231047	44578148	62767193	63112849	12295	65971	1
271	inter	ENSG00000132912	ENSG00000211445	5	-1	1	150088002	150407691	ENSMUSG00000024603	ENSMUSG00000018339	18	11	1	1	59335331	60718416	54640370	54723878	50669	312214	1
272	intra	ENSG00000082515	ENSG00000170624	5	1	1	154320630	156194796	ENSMUSG00000020514	ENSMUSG00000020354	11	11	1	-1	57985163	58128112	46709755	48619587	28340	1433137	1
273	inter	ENSG00000174705	ENSG00000214357	5	-1	1	171760505	172118531	ENSMUSG00000040711	ENSMUSG00000034413	11	17	1	1	32176602	32328183	26389855	26578740	121022	307771	1
274	inter	ENSG00000183072	ENSG00000113739	5	-1	-1	172659112	172756506	ENSMUSG00000015579	ENSMUSG00000020303	17	11	-1	-1	26975610	27076423	30671775	31270061	3202	82604	1
275	inter	ENSG00000170091	ENSG00000184845	5	1	-1	173472663	174871163	ENSMUSG00000020297	ENSMUSG00000021478	11	13	1	-1	31900428	32122280	53428121	54151027	63526	1395012	1
276	inter	ENSG00000027847	ENSG00000145911	5	1	1	177027101	177553107	ENSMUSG00000021504	ENSMUSG00000001053	13	11	1	-1	55701426	55733771	51456592	51570336	10247	513455	1
277	intra	ENSG00000172201	ENSG00000172197	6	1	-1	19837617	20212630	ENSMUSG00000021379	ENSMUSG00000038732	13	13	1	1	48356796	48608805	30228359	30803092	3298	264759	1
278	inter	ENSG00000204713	mENSG00000213886	6	-1	1	28870779	29601753	ENSMUSG00000021326	mENSMUSG00000035186	13	17	1	-1	20885988	21284732	37183016	40183016	20989	652513	1
279	intra	ENSG00000204209	mENSG00000112511	6	-1	1	33286335	33386094	ENSMUSG00000002307	mENSMUSG00000024193	17	17	1	1	33980036	34052461	26975610	27076423	10711	91841	1
280	inter	ENSG00000112164	ENSG00000112167	6	1	-1	39016574	39082965	ENSMUSG00000024027	ENSMUSG00000045107	17	14	1	-1	31038812	31147653	20694714	20902320	38945	55266	1
281	inter	ENSG00000095981	ENSG00000164627	6	-1	-1	39282474	39693181	ENSMUSG00000023387	ENSMUSG00000023999	14	17	-1	1	21080598	21167306	49754541	50329822	7856	15292	1
282	inter	ENSG00000112077	ENSG00000124812	6	-1	-1	49572871	49834212	ENSMUSG00000023926	ENSMUSG00000025774	17	1	1	-1	37977703	40977703	17717498	18135983	31716	229099	1
283	inter	ENSG00000096092	mENSG00000112144	6	1	1	52535907	52965671	ENSMUSG00000025933	mENSMUSG00000009828	1	9	1	-1	21208710	21952023	77929309	78291044	15479	330170	1
284	inter	ENSG00000112175	ENSG00000151914	6	-1	-1	55618443	56819413	ENSMUSG00000032179	ENSMUSG00000026131	9	1	1	1	75491071	75748117	33965125	34501800	121932	704342	1
285	inter	ENSG00000185760	mENSG00000080007	6	1	1	73331520	74161999	ENSMUSG00000028033	mENSMUSG00000070291	1	9	-1	1	21208710	21952023	77929309	78291044	577054	772951	1
286	inter	ENSG00000135316	ENSG00000135346	6	-1	-1	86318053	87804824	ENSMUSG00000032423	ENSMUSG00000028298	9	4	-1	1	88344576	89517824	34841037	35104715	35457	1477163	1
287	inter	ENSG00000112238	ENSG00000112246	6	1	-1	100054606	100912773	ENSMUSG00000040478	ENSMUSG00000019913	4	10	-1	1	20046021	21613110	50615457	51310286	8848	778279	1
288	intra	ENSG00000111832	ENSG00000111834	6	1	1	116892583	116954147	ENSMUSG00000019782	ENSMUSG00000039552	10	10	-1	1	33638953	33739375	33232092	33635689	24359	45059	1
289	intra	ENSG00000153975	ENSG00000183807	6	-1	-1	116956781	117086886	ENSMUSG00000039531	ENSMUSG00000019909	10	10	-1	-1	33638953	33739375	50615457	51310286	33176	116582	1
290	intra	ENSG00000172594	ENSG00000146352	6	1	1	123110315	123385612	ENSMUSG00000019872	ENSMUSG00000019785	10	10	1	-1	57514350	57768337	33232092	33635689	20550	207075	1
291	inter	ENSG00000153721	mENSG00000146426	6	-1	1	154726311	155635627	ENSMUSG00000015202	mENSMUSG00000023800	10	17	1	1	227479	3227479	557713	3557713	105482	685112	1
292	intra	ENSG00000130338	ENSG00000112096	6	1	-1	158733692	160114353	ENSMUSG00000034377	ENSMUSG00000006818	17	17	1	1	6138744	8389340	13200848	13245146	199168	1366456	1
293	intra	ENSG00000060762	ENSG00000213066	6	-1	1	166778407	167455906	ENSMUSG00000023861	ENSMUSG00000069135	17	17	1	1	8435391	8490526	6138744	8389340	18079	634263	1
294	intra	ENSG00000112486	ENSG00000120436	6	1	-1	167525295	167571817	ENSMUSG00000040899	ENSMUSG00000071311	17	17	1	-1	8435391	8490526	13200848	13245146	27889	44464	1
295	intra	ENSG00000106003	ENSG00000106009	7	1	-1	2552163	2595361	ENSMUSG00000029570	ENSMUSG00000000148	5	5	1	1	141083295	141124985	141180974	141306385	16648	25348	1
296	intra	ENSG00000136295	mENSG00000174945	7	1	1	2671585	2883958	ENSMUSG00000036565	mENSMUSG00000050022	5	5	-1	1	141083295	141124985	141180974	141306385	32851	47571	1
297	intra	ENSG00000011275	ENSG00000122512	7	-1	-1	5659678	6048756	ENSMUSG00000045078	ENSMUSG00000079109	5	5	-1	1	143752572	144009629	144670833	144949073	161692	353192	1
298	inter	ENSG00000164631	ENSG00000106392	7	-1	1	6728064	7283981	ENSMUSG00000029587	ENSMUSG00000042460	5	6	1	1	143752572	144009629	7625169	7822047	18502	468501	1
299	inter	ENSG00000146530	ENSG00000006747	7	-1	1	12370509	12693228	ENSMUSG00000079679	ENSMUSG00000002565	6	12	-1	-1	13135613	13558063	40786361	40949772	73343	239694	1
300	intra	ENSG00000105849	ENSG00000183742	7	-1	-1	19735085	20257027	ENSMUSG00000020561	ENSMUSG00000041886	12	12	1	1	33987416	34122945	120685650	121257530	13625	440935	1
301	inter	ENSG00000136237	ENSG00000122591	7	-1	-1	22157909	23053749	ENSMUSG00000041992	ENSMUSG00000028995	12	5	1	-1	117724306	118995118	23246466	23536501	238854	822969	1
302	inter	ENSG00000136243	ENSG00000136235	7	1	1	23221446	23314727	ENSMUSG00000048439	ENSMUSG00000029816	5	6	1	1	23670856	23857422	48783817	49006778	19184	54140	1
303	inter	mENSG00000105778	ENSG00000122507	7	1	1	32535038	33645680	mENSMUSG00000029787	ENSMUSG00000035919	6	9	1	1	56664899	57485420	21931175	22692718	567371	633818	1
304	inter	ENSG00000122547	ENSG00000136250	7	1	-1	36192758	36764153	ENSMUSG00000036611	ENSMUSG00000021322	9	13	1	1	25289182	26565567	20885988	21284732	148394	359849	1
305	inter	ENSG00000002746	ENSG00000062582	7	1	-1	43152198	43909492	ENSMUSG00000021301	ENSMUSG00000020477	13	11	-1	-1	14047072	14615495	5428893	5607690	450740	753959	1
306	inter	ENSG00000146648	ENSG00000132434	7	1	1	55086714	55501435	ENSMUSG00000020122	ENSMUSG00000062190	11	6	1	1	16652206	16854775	57639343	57689432	237599	346427	1
307	inter	ENSG00000154978	ENSG00000154997	7	-1	-1	55503749	55930482	ENSMUSG00000037788	ENSMUSG00000034219	6	5	-1	-1	57702259	58870388	130090088	130204937	136932	357488	1
308	intra	ENSG00000126524	ENSG00000158321	7	-1	1	66452664	70258054	ENSMUSG00000025337	ENSMUSG00000029673	5	5	-1	-1	130721605	131316506	131913658	134617626	7971	2611241	1
309	intra	ENSG00000183166	ENSG00000146755	7	-1	-1	71244476	72742085	ENSMUSG00000060371	ENSMUSG00000053388	5	5	1	1	130721605	131316506	135829166	136020947	667672	1482059	1
310	intra	ENSG00000198750	ENSG00000127946	7	-1	-1	74807605	75368280	ENSMUSG00000015944	ENSMUSG00000039959	5	5	1	-1	131913658	134617626	135829166	136020947	59736	355016	1
311	intra	mENSG00000091073	ENSG00000127947	7	1	1	76090972	77269388	mENSMUSG00000004947	ENSMUSG00000028771	5	5	1	-1	136470714	136611893	20492467	21151423	60422	1075620	1
312	inter	ENSG00000105810	ENSG00000177409	7	-1	-1	92234235	92777682	ENSMUSG00000040274	ENSMUSG00000047735	5	6	1	-1	522225	3522225	349571	3349571	231673	525133	1
313	inter	ENSG00000070669	ENSG00000164715	7	-1	1	97481440	97838945	ENSMUSG00000029752	ENSMUSG00000038970	6	5	-1	1	7625169	7822047	144670833	144949073	20414	254757	1
314	intra	ENSG00000197037	ENSG00000176402	7	1	-1	99214569	99527324	ENSMUSG00000070420	ENSMUSG00000056966	5	5	1	-1	146044212	147114450	138223135	138404326	15461	306323	1
315	intra	ENSG00000066923	mENSG00000078487	7	1	1	99775186	100031741	ENSMUSG00000036928	mENSMUSG00000037108	5	5	1	-1	138721779	139286017	138223135	138404326	43925	223263	1
316	intra	mENSG00000161036	mENSG00000222011	7	1	1	102105376	102715286	mENSMUSG00000029703	mENSMUSG00000047221	5	5	-1	1	136470714	136611893	20492467	21151423	13978	284042	1
317	inter	ENSG00000091127	ENSG00000146776	7	-1	-1	105080108	105517038	ENSMUSG00000057541	ENSMUSG00000020564	5	12	-1	1	23246466	23536501	33987416	34122945	82606	165113	1
318	intra	mENSG00000091140	ENSG00000091129	7	1	-1	107531415	108097161	mENSMUSG00000020664	ENSMUSG00000020598	12	12	-1	1	31758848	32036280	45429971	46175470	112389	256667	1
319	inter	mENSG00000006652	ENSG00000146802	7	1	-1	112063023	112430647	mENSMUSG00000001627	ENSMUSG00000029569	12	6	-1	-1	40786361	40949772	13135613	13558063	67919	342764	1
320	inter	mENSG00000106565	ENSG00000055118	7	1	-1	150488373	150675403	mENSMUSG00000029810	ENSMUSG00000038319	6	5	1	-1	48783817	49006778	23670856	23857422	13835	153676	1
321	inter	ENSG00000105993	ENSG00000155093	7	1	-1	157128075	158380480	ENSMUSG00000029131	ENSMUSG00000056553	5	12	1	1	30062480	30444918	117724306	118995118	82058	203675	1
322	intra	ENSG00000186530	ENSG00000182319	8	-1	-1	6666038	8239257	ENSMUSG00000039814	ENSMUSG00000050271	8	8	-1	1	18932729	21932729	37157882	37312570	27128	1509220	1
323	inter	ENSG00000173273	ENSG00000175806	8	1	1	9413424	10286401	ENSMUSG00000031529	ENSMUSG00000054733	8	14	-1	-1	35870351	36028744	64741466	65425133	226432	498354	1
324	inter	mENSG00000205883	ENSG00000154359	8	1	-1	11831446	12612992	mENSMUSG00000075571	ENSMUSG00000039633	14	8	-1	-1	63456581	63668797	37157882	37312570	10653	747957	1
325	intra	ENSG00000104763	ENSG00000156011	8	-1	-1	17913925	18871196	ENSMUSG00000031591	ENSMUSG00000030465	8	8	-1	-1	42426019	42502428	69384116	70525862	28582	470888	1
326	inter	ENSG00000061337	ENSG00000147443	8	-1	-1	20103676	21771195	ENSMUSG00000036306	ENSMUSG00000022102	8	14	-1	1	71659402	72331637	71174111	73109810	57798	1662708	1
327	inter	ENSG00000197892	ENSG00000120875	8	-1	-1	28924796	29208190	ENSMUSG00000060012	ENSMUSG00000031530	14	8	1	1	64741466	65425133	35870351	36028744	195814	265785	1
328	intra	ENSG00000156687	ENSG00000147475	8	1	1	35092975	37615316	ENSMUSG00000063626	ENSMUSG00000031483	8	8	-1	1	28513686	30329810	27268684	28149896	561093	2501122	1
329	intra	ENSG00000187840	ENSG00000129691	8	1	1	37888020	37997225	ENSMUSG00000031490	ENSMUSG00000031575	8	8	1	-1	28370850	28510201	26926699	27087216	29859	74991	1
330	intra	mENSG00000168575	ENSG00000147432	8	1	1	42274016	42592209	mENSMUSG00000037656	ENSMUSG00000031492	8	8	-1	1	23521913	23680079	28370850	28510201	134135	278546	1
331	intra	ENSG00000147434	ENSG00000131931	8	-1	-1	42607782	42698474	ENSMUSG00000031491	ENSMUSG00000037214	8	8	-1	1	28513686	30329810	27268684	28149896	15837	84036	1
332	inter	ENSG00000165102	ENSG00000164808	8	1	1	42995556	48648475	ENSMUSG00000037260	ENSMUSG00000041974	8	16	-1	-1	26926699	27087216	15889320	16272805	62413	5177986	1
333	inter	ENSG00000019549	ENSG00000147481	8	-1	1	49830249	51705427	ENSMUSG00000022676	ENSMUSG00000025909	16	1	1	-1	14361653	14709488	8352742	9537531	4050	1476505	1
334	inter	ENSG00000206579	mENSG00000167904	8	1	1	56015049	56738003	ENSMUSG00000051951	mENSMUSG00000028232	1	4	-1	1	661429	3661429	543768	3543768	421737	636271	1
335	intra	mENSG00000177182	ENSG00000185942	8	1	1	62200525	63831071	mENSMUSG00000041216	ENSMUSG00000055761	4	4	1	-1	9196509	9789492	20046021	21613110	426674	1291573	1
336	inter	ENSG00000137561	ENSG00000185728	8	-1	1	63972372	64100416	ENSMUSG00000073988	ENSMUSG00000047213	4	3	1	1	19805214	19957932	14886691	16116852	26226	109065	1
337	inter	ENSG00000147571	ENSG00000179041	8	-1	1	67088637	67342966	ENSMUSG00000049796	ENSMUSG00000061024	3	1	-1	1	19593414	19935302	8352742	9537531	2209	252626	1
338	inter	ENSG00000121005	ENSG00000164749	8	1	1	75896843	76479078	ENSMUSG00000025776	ENSMUSG00000017688	1	3	1	1	17717498	18135983	658052	3658052	49950	423306	1
339	inter	ENSG00000104267	ENSG00000147614	8	1	1	86376131	87166457	ENSMUSG00000027562	ENSMUSG00000028238	3	4	1	-1	14886691	16116852	19805214	19957932	17590	735002	1
340	inter	ENSG00000156466	ENSG00000156469	8	-1	-1	97154560	97273817	ENSMUSG00000051279	ENSMUSG00000021519	4	13	1	-1	9196509	9789492	64393144	67033977	18460	97103	1
341	inter	ENSG00000156471	ENSG00000169439	8	1	1	97274164	97624037	ENSMUSG00000021518	ENSMUSG00000022261	13	15	1	1	67034359	68720998	32174568	32964476	72610	231718	1
342	inter	ENSG00000178445	ENSG00000107077	9	-1	1	6532464	7175648	ENSMUSG00000024827	ENSMUSG00000028397	19	4	-1	1	30172939	30314175	73360483	74051765	113186	225177	1
343	intra	ENSG00000120160	mENSG00000120162	9	-1	1	27284659	27529779	ENSMUSG00000028575	mENSMUSG00000073910	4	4	-1	1	94573960	94645791	34841037	35104715	12478	40548	1
344	inter	ENSG00000137124	ENSG00000181778	9	1	-1	38392661	71155783	ENSMUSG00000035561	ENSMUSG00000048572	4	19	1	1	45811993	45922439	24748498	25276922	5997	32758835	1
345	inter	ENSG00000106829	ENSG00000196781	9	1	-1	82186688	84304220	ENSMUSG00000024642	ENSMUSG00000008305	19	4	-1	-1	13901949	14672473	70089877	71861896	153726	2011910	1
346	inter	ENSG00000165105	ENSG00000148057	9	-1	1	85594500	86259045	ENSMUSG00000043003	ENSMUSG00000050002	4	13	-1	1	73360483	74051765	58228757	58266052	83592	643464	1
347	intra	ENSG00000196730	ENSG00000106723	9	1	1	90112143	91093609	ENSMUSG00000021559	ENSMUSG00000021395	13	13	1	1	60703308	62959782	49777512	51247915	211403	891191	1
348	intra	ENSG00000090054	ENSG00000196305	9	-1	-1	94793427	95056038	ENSMUSG00000021468	ENSMUSG00000037851	13	13	-1	1	53428121	54151027	49777512	51247915	84263	179062	1
349	intra	ENSG00000175787	ENSG00000130957	9	1	-1	97021578	97356075	ENSMUSG00000050954	ENSMUSG00000021456	13	13	-1	-1	48356796	48608805	60703308	62959782	42158	299424	1
350	inter	ENSG00000158122	ENSG00000197816	9	-1	1	99401859	100139569	ENSMUSG00000021482	ENSMUSG00000035539	13	4	-1	1	64393144	67033977	45811993	45922439	15740	598920	1
351	inter	ENSG00000106780	ENSG00000119402	9	-1	-1	123363091	123555690	ENSMUSG00000039270	ENSMUSG00000035949	4	2	-1	-1	70089877	71861896	34634737	34681755	113657	151165	1
352	intra	ENSG00000119414	ENSG00000136933	9	-1	1	127908852	127996334	ENSMUSG00000026753	ENSMUSG00000070953	2	2	-1	-1	39052318	42052318	34634737	34681755	43366	53972	1
353	intra	ENSG00000175854	mENSG00000167112	9	1	1	131037658	131096351	ENSMUSG00000044627	mENSMUSG00000039826	2	2	-1	1	32092160	32143582	29600439	29652524	13611	33724	1
354	intra	mENSG00000130714	ENSG00000228468	9	1	1	134378289	134433589	mENSMUSG00000039254	ENSMUSG00000079497	2	2	1	-1	32092160	32143582	29600439	29652524	28366	53153	1
355	intra	ENSG00000148288	ENSG00000175164	9	-1	-1	136028340	136150630	ENSMUSG00000026829	ENSMUSG00000015787	2	2	1	-1	28317523	28360935	26484157	26720499	10992	102223	1
356	intra	mENSG00000160345	ENSG00000204007	9	1	-1	138387027	138531386	mENSMUSG00000026831	ENSMUSG00000036401	2	2	1	-1	28317523	28360935	25532306	25671363	9492	128475	1
357	intra	ENSG00000165716	mENSG00000187922	9	1	1	139607022	139642980	ENSMUSG00000036186	mENSMUSG00000047356	2	2	1	-1	26484157	26720499	25532306	25671363	11480	25597	1
358	intra	ENSG00000146950	ENSG00000101871	X	1	-1	9754496	10851773	ENSMUSG00000045180	ENSMUSG00000035299	X	X	-1	1	148779190	149204008	166123131	166650296	162987	659100	1
359	intra	ENSG00000130066	ENSG00000174010	X	1	-1	23801290	24045303	ENSMUSG00000025283	ENSMUSG00000043929	X	X	-1	1	149932770	151650891	91480266	92222021	3053	200547	1
360	intra	ENSG00000205081	ENSG00000165175	X	1	1	36246735	38665790	ENSMUSG00000071735	ENSMUSG00000008035	X	X	-1	1	73564418	76564418	7848277	10296819	156443	2413950	1
361	intra	ENSG00000147118	ENSG00000017483	X	-1	-1	47834250	48328644	ENSMUSG00000054737	ENSMUSG00000031170	X	X	-1	1	20606066	21066290	7848277	10296819	29127	482670	1
362	intra	ENSG00000187690	ENSG00000184194	X	1	1	51149767	53109797	ENSMUSG00000073294	ENSMUSG00000056679	X	X	-1	-1	2660537	5660537	148779190	149204008	1920	1928739	1
363	intra	mENSG00000169188	ENSG00000083750	X	1	1	55026790	55785207	mENSMUSG00000025269	ENSMUSG00000041658	X	X	-1	1	144024387	147024387	149216529	149606485	30707	717382	1
364	intra	ENSG00000188021	ENSG00000186767	X	1	-1	56590072	62571218	ENSMUSG00000050148	ENSMUSG00000071722	X	X	1	-1	149932770	151650891	91480266	92222021	3256	5977035	1
365	intra	ENSG00000130224	ENSG00000180772	X	-1	1	114345185	115306225	ENSMUSG00000031290	ENSMUSG00000068122	X	X	-1	1	143906237	146906237	20606066	21066290	123450	956790	1
366	intra	ENSG00000125351	ENSG00000125356	X	-1	1	118967985	119010625	ENSMUSG00000036572	ENSMUSG00000016427	X	X	-1	-1	34631829	34708837	34727610	35550223	18976	37465	1
367	intra	mENSG00000101882	ENSG00000177485	X	1	1	119029800	119392251	mENSMUSG00000016409	ENSMUSG00000048047	X	X	-1	1	34631829	34708837	34727610	35550223	47935	354807	1
368	intra	ENSG00000010404	ENSG00000235254	X	-1	1	148558521	148854483	ENSMUSG00000035847	ENSMUSG00000073139	X	X	-1	-1	67596244	67642591	67713231	68409231	28356	290294	1
369	intra	ENSG00000197021	ENSG00000013619	X	-1	1	149097745	149682448	ENSMUSG00000045237	ENSMUSG00000059401	X	X	1	1	67596244	67642591	67713231	68409231	9284	431944	1
