1	intra	35671.R	35672.R	1	1	1	58962766	59170351	35671.O	35672.O	4	4	-1	1	102860231	103036087	94482443	94658691	50000	157585	1
2	inter	35672.R	35673.R	1	1	1	67512260	67681910	35672.O	35673.O	4	6	1	-1	102860231	103036087	67392073	70392073	50000	119650	1
3	inter	35673.R	35674.R	1	1	1	68267098	68639539	35673.O	35674.O	6	3	-1	-1	66414729	66879576	159549772	147089210	50000	322441	-4
4	inter	35674.R	35675.R	1	1	1	89688135	90000168	35674.O	35675.O	3	5	-1	1	142081396	142209959	104933146	105874519	50000	262033	1
5	inter	35675.R	35676.R	1	1	1	93694300	93955157	35675.O	35676.O	5	3	1	-1	108612035	108791923	122288627	122403311	50000	210857	1
6	inter	35676.R	35677.R	1	1	1	120646915	120804434	35676.O	35677.O	3	1	-1	1	97833056	97777795	133399518	133390341	50000	107519	-5
7	inter	35677.R	35678.R	1	1	1	120837322	121199401	35677.O	35678.O	1	13	1	1	133416924	133680393	118132625	117947319	50000	312079	-4
8	inter	35678.R	35679.R	1	1	1	121300677	143931371	35678.O	35679.O	13	1	1	-1	118033771	118234614	133399518	133390341	50000	22580694	-4
9	inter	35679.R	35680.R	1	1	1	144045755	144726687	35679.O	35680.O	1	3	-1	-1	133522558	133309296	97833056	97777795	50000	630932	-5
10	inter	35680.R	35681.R	1	1	1	158104741	158566903	35680.O	35681.O	3	1	-1	-1	86717002	86849634	176329748	176480190	50000	412162	1
11	intra	35681.R	35682.R	1	1	1	205872697	206125775	35681.O	35682.O	1	1	-1	-1	133416924	133680393	133522558	133309296	50000	203078	-4
12	intra	35682.R	35683.R	1	1	1	207484964	207625939	35682.O	35683.O	1	1	-1	-1	132213700	132384681	196997284	197195432	50000	90975	1
13	inter	35683.R	35684.R	1	1	1	227594727	227969753	35683.O	35684.O	1	11	-1	-1	178818214	181818214	59219457	59493107	50000	325026	1
14	inter	35684.R	35685.R	1	1	1	228653212	229454294	35684.O	35685.O	11	8	-1	1	57937430	58778366	126010687	126372711	50000	751082	1
15	inter	35685.R	35686.R	1	1	1	235274774	235380060	35685.O	35686.O	8	13	1	-1	129445221	129609285	14241783	14368369	50000	55286	1
16	inter	35686.R	35687.R	1	1	1	240034659	240303393	35686.O	35687.O	13	1	-1	1	9752042	9918164	176329748	176480190	50000	218734	1
17	inter	35688.R	35689.R	10	1	1	5815622	5965452	35688.O	35689.O	13	2	-1	1	571006	3571006	59359	3059359	50000	99830	1
18	intra	35689.R	35690.R	10	1	1	27107072	27448972	35689.O	35690.O	2	2	1	-1	22862246	22973556	23003933	23216835	50000	291900	1
19	inter	35690.R	35691.R	10	1	1	27481240	27797786	35690.O	35691.O	2	18	-1	1	22862246	22973556	6480738	6778481	50000	266546	1
20	intra	35691.R	35692.R	10	1	1	28672506	29000711	35691.O	35692.O	18	18	1	1	7702016	8035898	3389197	3541582	50000	278205	1
21	inter	35692.R	35693.R	10	1	1	32628701	33162469	35692.O	35693.O	18	8	1	-1	6480738	6778481	131315430	131738871	50000	483768	1
22	inter	35693.R	35694.R	10	1	1	35102269	35334099	35693.O	35694.O	8	18	-1	-1	129445221	129609285	3389197	3541582	50000	181830	1
23	intra	35694.R	35695.R	10	1	1	35471818	35726708	35694.O	35695.O	18	18	-1	-1	291148	3291148	9380644	9631966	50000	204890	1
24	inter	35695.R	35696.R	10	1	1	37044546	37241655	35695.O	35696.O	18	7	-1	1	7702016	8035898	109176497	102083245	50000	147109	-4
25	inter	35696.R	35697.R	10	1	1	37352201	43327986	35696.O	35697.O	7	6	1	-1	102193633	108169418	118319681	118574276	50000	5925785	1
26	inter	35697.R	35698.R	10	1	1	46168167	46538677	35697.O	35698.O	6	14	-1	1	116102342	116220329	32849970	33004557	50000	320510	1
27	inter	35698.R	35699.R	10	1	1	51677392	51967603	35698.O	35699.O	14	19	1	-1	35064468	35089814	32428566	32589286	50000	240211	-3
28	inter	35699.R	35700.R	10	1	1	54490082	55416623	35699.O	35700.O	19	10	-1	-1	30212283	30341964	74260018	74465342	50000	876541	1
29	inter	35700.R	35701.R	10	1	1	74812972	74920164	35700.O	35701.O	10	14	-1	1	58648594	58829416	21017810	21163857	50000	57192	1
30	intra	35701.R	35702.R	10	1	1	81205099	82069368	35701.O	35702.O	14	14	1	-1	26575929	27273015	41892239	44892239	50000	814269	1
31	inter	35702.R	35703.R	10	1	1	88926316	89284113	35702.O	35703.O	14	19	-1	1	35064468	35089814	32428566	32589286	50000	307797	-3
32	inter	35703.R	35704.R	10	1	1	121169507	121274592	35703.O	35704.O	19	7	1	1	61122120	61342430	135394817	135545649	50000	55085	1
33	intra	35705.R	35706.R	11	1	1	3048752	3681069	35705.O	35706.O	7	7	1	1	150779429	151030976	106277192	109277192	50000	582317	1
34	intra	35706.R	35707.R	11	1	1	17310027	17453485	35706.O	35707.O	7	7	1	1	123639970	123803234	53289588	53400543	50000	93458	1
35	inter	35707.R	35708.R	11	1	1	25201145	26346397	35707.O	35708.O	7	2	1	-1	62588143	63099274	110782617	112128690	50000	1095252	1
36	inter	35708.R	35709.R	11	1	1	48608712	49300334	35708.O	35709.O	2	7	-1	1	89739263	89503136	91866292	94308785	50000	641622	-3
37	inter	35709.R	35710.R	11	1	1	49777246	51427850	35709.O	35710.O	7	2	1	1	94913306	94308787	89426177	89467509	50000	1600604	-5
38	intra	35710.R	35711.R	11	1	1	51489057	55130583	35710.O	35711.O	2	2	1	-1	89739263	89503136	89426177	89467509	50000	3591526	-5
39	inter	35712.R	35713.R	11	1	1	57703858	57894834	35712.O	35713.O	2	19	-1	-1	84258441	84372889	13887570	14157343	50000	140976	1
40	inter	35713.R	35714.R	11	1	1	68659722	68778143	35713.O	35714.O	19	7	-1	-1	309831	3309831	152458596	152524553	50000	68421	1
41	intra	35714.R	35715.R	11	1	1	71162974	71677032	35714.O	35715.O	7	7	-1	-1	150779429	151030976	109176497	102083245	50000	464058	-4
42	inter	35715.R	35716.R	11	1	1	89300901	89910533	35715.O	35716.O	7	9	-1	-1	94913306	94308787	18152752	18308005	50000	559632	-3
43	intra	35716.R	35717.R	11	1	1	107386639	107502617	35716.O	35717.O	9	9	-1	-1	385322	3385322	53781242	53924456	50000	65978	1
44	intra	35718.R	35719.R	12	1	1	2773666	2953120	35718.O	35719.O	6	6	-1	-1	118319681	118574276	128339766	127801052	50000	129454	-4
45	intra	35720.R	35721.R	12	1	1	9164464	9951365	35720.O	35721.O	6	6	-1	1	121170667	122244446	127888035	129260184	50000	736901	1
46	intra	35721.R	35722.R	12	1	1	30893693	31035917	35721.O	35722.O	6	6	1	1	148810449	148914642	128339766	127801052	50000	92224	-4
47	intra	35722.R	35723.R	12	1	1	31115338	31474829	35722.O	35723.O	6	6	1	1	127888035	129260184	148810449	148914642	50000	309491	1
48	inter	35723.R	35724.R	12	1	1	32487434	32684919	35723.O	35724.O	6	16	1	-1	149462021	149517037	16525303	16920152	50000	147485	1
49	inter	35724.R	35725.R	12	1	1	33004761	33526533	35724.O	35725.O	16	15	-1	1	16065190	16260137	89374367	89613877	50000	471772	1
50	inter	35726.R	35727.R	12	1	1	55022925	55401591	35726.O	35727.O	15	10	1	-1	103385732	103494974	129751366	129993255	50000	328666	1
51	intra	35727.R	35728.R	12	1	1	104301507	104409309	35727.O	35728.O	10	10	-1	1	85929330	86197576	81010631	82142328	50000	57802	1
52	inter	35728.R	35729.R	12	1	1	108126937	108375357	35728.O	35729.O	10	5	1	1	85347096	85451120	113690207	113848218	50000	198420	1
53	intra	35729.R	35730.R	12	1	1	110436420	110538793	35729.O	35730.O	5	5	1	-1	115223576	115397600	123052913	123145992	50000	52373	1
54	intra	35730.R	35731.R	12	1	1	121447537	121627100	35730.O	35731.O	5	5	-1	1	115223576	115397600	123052913	123145992	50000	129563	1
55	intra	35731.R	35732.R	12	1	1	132286561	132428991	35731.O	35732.O	5	5	1	-1	130062880	130271165	111189333	111303051	50000	92430	1
56	intra	35733.R	35734.R	13	1	1	23320461	23903398	35733.O	35734.O	14	14	1	1	59683415	59868720	61012518	61104965	50000	532937	1
57	intra	35734.R	35735.R	13	1	1	24846355	25238452	35734.O	35735.O	14	14	1	1	61801455	61973772	56874074	56978136	50000	342097	1
58	intra	35735.R	35736.R	13	1	1	25461922	25735086	35735.O	35736.O	14	14	1	-1	57228768	57336636	61012518	61104965	50000	223164	1
59	inter	35736.R	35737.R	13	1	1	26618986	26834894	35736.O	35737.O	14	5	-1	1	60166853	60272859	146006170	147067095	50000	165908	1
60	inter	35737.R	35738.R	13	1	1	34210463	34513185	35737.O	35738.O	5	3	1	-1	152186442	152537259	56945963	57104365	50000	252722	1
61	inter	35738.R	35739.R	13	1	1	41204213	41519941	35738.O	35739.O	3	14	-1	-1	49109615	52109615	79969334	80036707	50000	265728	1
62	intra	35739.R	35740.R	13	1	1	49749059	49871990	35739.O	35740.O	14	14	-1	-1	72739990	72978371	60166853	60272859	50000	72931	1
63	intra	35740.R	35741.R	13	1	1	50111404	50242169	35740.O	35741.O	14	14	-1	1	59683415	59868720	61801455	61973772	50000	80765	1
64	inter	35741.R	35742.R	13	1	1	52306487	52485459	35741.O	35742.O	14	8	1	-1	63541934	63763413	23488522	23597628	50000	128972	1
65	inter	35742.R	35743.R	13	1	1	53161718	53276033	35742.O	35743.O	8	14	-1	1	20129510	23129510	79969334	80036707	50000	64315	1
66	inter	35743.R	35744.R	13	1	1	103039581	103287605	35743.O	35744.O	14	1	1	1	125064825	125194864	43837041	44023886	50000	198024	1
67	inter	35744.R	35745.R	13	1	1	103483914	103583915	35744.O	35745.O	1	8	1	1	44227004	44444151	4275575	4834449	50000	50001	1
68	inter	35747.R	35748.R	14	1	1	25099959	25207192	35747.O	35748.O	14	12	1	1	56874074	56978136	45662997	45787762	50000	57233	1
69	inter	35748.R	35749.R	14	1	1	52201174	52322055	35748.O	35749.O	12	14	1	-1	71977412	72088748	20819924	20939593	50000	70881	1
70	intra	35749.R	35750.R	14	1	1	52548781	52738635	35749.O	35750.O	14	14	-1	1	19772946	20574935	42525945	45525945	50000	139854	1
71	inter	35750.R	35751.R	14	1	1	58579894	58716612	35750.O	35751.O	14	12	1	1	50362362	50809128	71977412	72088748	50000	86718	1
72	intra	35752.R	35753.R	15	1	1	23036601	23964751	35752.O	35753.O	7	7	1	-1	63225122	63355319	69455345	70174311	50000	878150	1
73	intra	35753.R	35754.R	15	1	1	28536067	29157424	35753.O	35754.O	7	7	-1	-1	63225122	63355319	72733760	72838108	50000	571357	1
74	inter	35754.R	35755.R	15	1	1	32528594	32956987	35754.O	35755.O	7	2	-1	1	69455345	70174311	110782617	112128690	50000	378393	1
75	inter	35755.R	35756.R	15	1	1	51248173	51399622	35755.O	35756.O	2	9	1	1	126845218	126978209	53781242	53924456	50000	101449	1
76	intra	35757.R	35758.R	15	1	1	78906872	79092978	35757.O	35758.O	9	9	1	-1	75496932	75616149	90052095	90258626	50000	136106	1
77	inter	35758.R	35759.R	15	1	1	80146839	80303398	35758.O	35759.O	9	7	-1	1	88338361	89147482	87950621	88051633	50000	106559	1
78	intra	35759.R	35760.R	15	1	1	85632414	85879657	35759.O	35760.O	7	7	1	-1	91866292	94308785	87950621	88051633	50000	197243	1
79	inter	35763.R	35764.R	16	1	1	3158490	3333710	35763.O	35764.O	17	16	-1	-1	20733780	23733780	13882905	13990610	50000	125220	1
80	inter	35764.R	35765.R	16	1	1	15147331	15310325	35764.O	35765.O	16	7	-1	-1	748191	3748191	123879311	123803234	50000	112994	-4
81	inter	35765.R	35766.R	16	1	1	15319270	15528874	35765.O	35766.O	7	16	-1	1	123639970	123803234	13882905	13990610	50000	159604	1
82	inter	35766.R	35767.R	16	1	1	16137414	16302815	35766.O	35767.O	16	7	1	1	14402822	14723477	53154276	53287037	50000	115401	1
83	intra	35767.R	35768.R	16	1	1	16338674	16731590	35767.O	35768.O	7	7	1	-1	53289588	53400543	125201367	125153525	50000	342916	-4
84	intra	35768.R	35769.R	16	1	1	18275190	18658156	35768.O	35769.O	7	7	-1	1	123879311	123803234	125201367	125153525	50000	332966	-5
85	intra	35770.R	35771.R	16	1	1	28289524	28440845	35770.O	35771.O	7	7	1	-1	133391307	133544899	133789138	133864769	50000	101321	1
86	intra	35771.R	35772.R	16	1	1	28980948	29711006	35771.O	35772.O	7	7	-1	1	133391307	133544899	133789138	133864769	50000	680058	1
87	inter	35772.R	35773.R	16	1	1	31470748	46743273	35772.O	35773.O	7	8	1	1	135394817	135545649	87574638	87832679	50000	15222525	1
88	intra	35775.R	35776.R	17	1	1	15575804	15781601	35775.O	35776.O	11	11	-1	1	62495800	62629833	62668398	61990866	50000	155797	-4
89	intra	35776.R	35777.R	17	1	1	16422951	16967258	35776.O	35777.O	11	11	1	1	62495800	62629833	59219457	59493107	50000	494307	1
90	intra	35777.R	35778.R	17	1	1	21293117	25575650	35777.O	35778.O	11	11	1	-1	62668398	61990866	79095864	79169217	50000	4232533	-3
91	intra	35778.R	35779.R	17	1	1	28803901	29108377	35778.O	35779.O	11	11	-1	-1	76512478	76590043	84709762	84796599	50000	254476	1
92	intra	35779.R	35780.R	17	1	1	36150511	36401926	35779.O	35780.O	11	11	-1	1	79095864	79169217	97135287	97146359	50000	201415	-4
93	intra	35780.R	35781.R	17	1	1	43588822	43756746	35780.O	35781.O	11	11	1	-1	103438690	103315115	104291027	104409373	50000	117924	-3
94	intra	35781.R	35782.R	17	1	1	45100591	45238646	35781.O	35782.O	11	11	-1	1	103438690	103315115	104291027	104409373	50000	88055	-3
95	intra	35782.R	35783.R	17	1	1	45468436	45610334	35782.O	35783.O	11	11	1	1	104571957	105019838	84709762	84796599	50000	91898	1
96	intra	35783.R	35784.R	17	1	1	60276198	60533588	35783.O	35784.O	11	11	1	1	97135287	97146359	104571957	105019838	50000	207390	-3
97	intra	35784.R	35785.R	17	1	1	62710387	63040972	35784.O	35785.O	11	11	1	-1	106893619	106750478	109225986	109324991	50000	280585	-3
98	intra	35785.R	35786.R	17	1	1	66060690	66274207	35785.O	35786.O	11	11	-1	1	106893619	106750478	109225986	109324991	50000	163517	-3
99	inter	35787.R	35788.R	18	1	1	549224	733166	35787.O	35788.O	18	5	-1	-1	9380644	9631966	32965506	33135252	50000	133942	1
100	inter	35788.R	35789.R	18	1	1	794532	911722	35788.O	35789.O	5	17	-1	1	32745582	32931560	93431010	93603683	50000	67190	1
101	intra	35789.R	35790.R	18	1	1	2484400	2584401	35789.O	35790.O	17	17	1	-1	95074153	95272651	71850821	71951236	50000	50001	1
102	inter	35790.R	35791.R	18	1	1	9922541	10252644	35790.O	35791.O	17	18	-1	1	65840677	65958827	62726193	62913317	50000	280103	1
103	intra	35791.R	35792.R	18	1	1	11468916	11699353	35791.O	35792.O	18	18	1	1	63744282	63871671	67114747	67254713	50000	180437	1
104	inter	35792.R	35793.R	18	1	1	13821680	15066525	35792.O	35793.O	18	16	1	-1	68514277	68703110	86626655	86545095	50000	1194845	-4
105	inter	35793.R	35794.R	18	1	1	15105234	18578605	35793.O	35794.O	16	18	-1	1	98139038	86545095	10022841	10112977	50000	3423371	-3
106	intra	35794.R	35795.R	18	1	1	41023893	41405914	35794.O	35795.O	18	18	1	-1	31685646	31843142	80126116	80286491	50000	332021	1
107	intra	35795.R	35796.R	18	1	1	54194819	54317924	35795.O	35796.O	18	18	-1	1	68514277	68703110	63744282	63871671	50000	73105	1
108	inter	35796.R	35797.R	18	1	1	58151586	58401903	35796.O	35797.O	18	1	1	1	67114747	67254713	102745593	105745593	50000	200317	1
109	inter	35797.R	35798.R	18	1	1	65278593	66389761	35797.O	35798.O	1	18	1	-1	113912311	115320399	90663494	90772031	50000	1061168	1
110	inter	35799.R	35800.R	19	1	1	4123052	4279082	35799.O	35800.O	10	17	-1	1	78260783	79039698	55652107	56141900	50000	106030	1
111	inter	35800.R	35801.R	19	1	1	6812967	7162183	35800.O	35801.O	17	8	1	1	57424375	59061923	200854	3200854	50000	299216	1
112	inter	35801.R	35802.R	19	1	1	8021013	8416687	35801.O	35802.O	8	17	1	-1	4275575	4834449	33935993	34092414	50000	345674	1
113	inter	35802.R	35803.R	19	1	1	8761037	8969008	35802.O	35803.O	17	9	-1	1	32790167	33617963	18152752	18308005	50000	157971	1
114	inter	35803.R	35804.R	19	1	1	11639880	12795060	35803.O	35804.O	9	8	1	-1	21886407	22185934	87574638	87832679	50000	1105180	1
115	inter	35804.R	35805.R	19	1	1	14633008	15102169	35804.O	35805.O	8	10	-1	-1	85940128	86140536	78260783	79039698	50000	419161	1
116	inter	35805.R	35806.R	19	1	1	15212910	15320296	35805.O	35806.O	10	17	-1	1	77775454	78030734	32152063	32307628	50000	57386	1
117	inter	35806.R	35807.R	19	1	1	15758207	16213040	35806.O	35807.O	17	8	1	-1	32790167	33617963	75237362	75375496	50000	404833	1
118	inter	35807.R	35808.R	19	1	1	19724937	28639680	35807.O	35808.O	8	7	-1	1	71673806	72364725	39042607	46912636	50000	8864743	1
119	intra	35808.R	35809.R	19	1	1	30035362	30143064	35808.O	35809.O	7	7	1	-1	48161718	50713130	39042607	42042607	50000	57702	1
120	intra	35810.R	35811.R	19	1	1	48657700	48850017	35810.O	35811.O	7	7	-1	-1	13590795	13884117	53154276	53287037	50000	142317	1
121	intra	35811.R	35812.R	19	1	1	51871957	54418915	35811.O	35812.O	7	7	-1	1	48161718	50713130	338114	3338114	50000	2496958	1
122	intra	35814.R	35815.R	2	1	1	9228318	9404723	35814.O	35815.O	12	12	-1	1	25352927	25458865	18173604	21173604	50000	126405	1
123	intra	35816.R	35817.R	2	1	1	10234917	10353009	35816.O	35817.O	12	12	1	-1	25352927	25458865	17729634	20729634	50000	68092	1
124	inter	35817.R	35818.R	2	1	1	26311943	26444466	35817.O	35818.O	12	5	-1	1	296833	3296833	30297124	30480992	50000	82523	1
125	inter	35820.R	35821.R	2	1	1	28974462	29083520	35820.O	35821.O	5	17	1	1	32745582	32931560	71850821	71951236	50000	59058	1
126	inter	35822.R	35823.R	2	1	1	53232184	53932943	35822.O	35823.O	17	11	1	-1	93431010	93603683	30956366	31302048	50000	650759	1
127	inter	35823.R	35824.R	2	1	1	68644726	68765037	35823.O	35824.O	11	6	-1	-1	16797264	16901092	87570391	87674439	50000	70311	1
128	inter	35824.R	35825.R	2	1	1	87045119	87395633	35824.O	35825.O	6	2	-1	-1	71200800	71307504	128436897	128801942	50000	300514	1
129	inter	35825.R	35826.R	2	1	1	87946071	88352422	35825.O	35826.O	2	6	-1	-1	128693384	128108204	71200800	71307504	50000	356351	-3
130	inter	35826.R	35827.R	2	1	1	89124373	95692277	35826.O	35827.O	6	2	-1	-1	67392073	70709014	127502441	127709617	50000	6517904	1
131	inter	35827.R	35828.R	2	1	1	96990617	97201065	35827.O	35828.O	2	1	-1	1	126845218	126978209	36251333	36361494	50000	160448	1
132	inter	35828.R	35829.R	2	1	1	106769719	107433985	35828.O	35829.O	1	17	1	-1	43837041	44023886	55652107	56141900	50000	614266	1
133	inter	35829.R	35830.R	2	1	1	108748215	109115537	35829.O	35830.O	17	10	-1	1	53780729	54260407	57505878	57768129	50000	317322	1
134	inter	35830.R	35831.R	2	1	1	110352734	111533204	35830.O	35831.O	10	2	1	1	58648594	58829416	127502441	127709617	50000	1130470	1
135	intra	35831.R	35832.R	2	1	1	112910231	113023390	35831.O	35832.O	2	2	1	1	128693384	128108204	128436897	128801942	50000	63159	-3
136	intra	35832.R	35833.R	2	1	1	113600007	113773845	35832.O	35833.O	2	2	1	1	129190226	129143937	23854993	24075261	50000	123838	-3
137	inter	35833.R	35834.R	2	1	1	114087444	114221139	35833.O	35834.O	2	19	1	-1	24380383	24509307	25012153	24957903	50000	83695	-4
138	inter	35834.R	35835.R	2	1	1	114271953	114486107	35834.O	35835.O	19	1	-1	-1	25012153	24957903	127477362	127595592	50000	164154	-3
139	intra	35835.R	35836.R	2	1	1	122528025	122635948	35835.O	35836.O	1	1	-1	1	118969512	120213392	113912311	115320399	50000	57923	1
140	inter	35836.R	35837.R	2	1	1	126297698	127855408	35836.O	35837.O	1	18	1	-1	118969512	120213392	32545589	32902817	50000	1507710	1
141	inter	35837.R	35838.R	2	1	1	128736667	128898553	35837.O	35838.O	18	1	-1	1	31685646	31843142	34417402	34685592	50000	111886	1
142	inter	35838.R	35839.R	2	1	1	131864911	132654281	35838.O	35839.O	1	16	1	-1	36251333	36361494	86626655	86545095	50000	739370	-4
143	inter	35839.R	35840.R	2	1	1	132707591	133188389	35839.O	35840.O	16	1	-1	1	86626655	86545095	127477362	127595592	50000	430798	-3
144	inter	35840.R	35841.R	2	1	1	138557743	138771435	35840.O	35841.O	1	2	1	-1	132213700	132384681	23854993	24075261	50000	163692	1
145	intra	35841.R	35842.R	2	1	1	139495160	140115297	35841.O	35842.O	2	2	-1	1	23003933	23216835	39032669	39413179	50000	570137	1
146	inter	35842.R	35843.R	2	1	1	188345329	189057277	35842.O	35843.O	2	1	1	1	84258441	84372889	44227004	44444151	50000	661948	1
147	intra	35845.R	35846.R	20	1	1	1397942	1786101	35845.O	35846.O	2	2	-1	1	150817138	151369591	129190226	129143937	50000	338159	-4
148	intra	35846.R	35847.R	20	1	1	25556620	29983153	35846.O	35847.O	2	2	1	1	150817138	151369591	152275970	152427995	50000	4376533	1
149	inter	35849.R	35850.R	21	1	1	10542667	14585253	35849.O	35850.O	3	16	1	1	44278148	44193196	86626655	86545095	50000	3992586	-5
150	intra	35850.R	35851.R	21	1	1	14664360	15565528	35850.O	35851.O	16	16	1	1	86596279	89596279	75483441	75598830	50000	851168	1
151	inter	35851.R	35852.R	21	1	1	43388088	43540502	35851.O	35852.O	16	17	1	1	98139038	86545095	31027825	31140833	50000	102414	-3
152	inter	35852.R	35853.R	21	1	1	45072943	45328940	35852.O	35853.O	17	10	1	-1	32152063	32307628	77775454	78030734	50000	205997	1
153	inter	35854.R	35855.R	22	1	1	18609740	19060381	35854.O	35855.O	6	16	1	-1	121170667	122244446	18920517	19801633	50000	400641	1
154	inter	35855.R	35856.R	22	1	1	22288262	23446488	35855.O	35856.O	16	10	-1	1	16525303	16920152	74260018	74465342	50000	1108226	1
155	inter	35856.R	35857.R	22	1	1	24981504	25251765	35856.O	35857.O	10	5	1	-1	75287027	75719919	113690207	113848218	50000	220261	1
156	inter	35857.R	35858.R	22	1	1	29106283	29301511	35857.O	35858.O	5	11	-1	-1	111189333	111303051	5324598	5654321	50000	145228	1
157	inter	35858.R	35859.R	22	1	1	31972116	32072117	35858.O	35859.O	11	5	-1	1	75669	3075669	32965506	33135252	50000	50001	1
158	inter	35859.R	35860.R	22	1	1	32461666	32833299	35859.O	35860.O	5	10	1	1	33455515	33575215	85347096	85451120	50000	321633	1
159	inter	35860.R	35861.R	22	1	1	33422414	33708332	35860.O	35861.O	10	8	1	1	85929330	86197576	75237362	75375496	50000	235918	1
160	inter	35861.R	35862.R	22	1	1	35903121	36012951	35861.O	35862.O	8	15	1	1	77700405	77859233	76716319	76867690	50000	59830	1
161	intra	35863.R	35864.R	3	1	1	12847767	12989278	35863.O	35864.O	6	6	1	1	115804574	115806983	90546500	90659507	50000	91511	-3
162	inter	35864.R	35865.R	3	1	1	15113105	15295114	35864.O	35865.O	6	14	1	1	92125468	92288951	32089421	32197210	50000	132009	1
163	inter	35865.R	35866.R	3	1	1	16257845	16357846	35865.O	35866.O	14	17	1	1	32849970	33004557	50031698	50139163	50000	50001	1
164	inter	35866.R	35867.R	3	1	1	20181899	23196386	35866.O	35867.O	17	14	1	-1	53780729	54260407	19772946	20574935	50000	2964487	1
165	inter	35867.R	35868.R	3	1	1	27671393	27803690	35867.O	35868.O	14	9	-1	-1	14903921	15367554	118349011	118455224	50000	82297	1
166	intra	35868.R	35869.R	3	1	1	37211140	37319243	35868.O	35869.O	9	9	-1	1	110912646	111038337	118349011	118455224	50000	58103	1
167	intra	35869.R	35870.R	3	1	1	46373369	46496256	35869.O	35870.O	9	9	1	-1	123995161	124076172	110912646	111038337	50000	72887	1
168	inter	35870.R	35871.R	3	1	1	52296387	52400060	35870.O	35871.O	9	14	-1	-1	105904063	106078817	32089421	32197210	50000	53673	1
169	intra	35871.R	35872.R	3	1	1	57881230	58043765	35871.O	35872.O	14	14	-1	1	26575929	27273015	5700162	8700162	50000	112535	1
170	inter	35872.R	35873.R	3	1	1	63959700	64067713	35872.O	35873.O	14	6	1	1	14903921	15367554	92125468	92288951	50000	58013	1
171	inter	35873.R	35874.R	3	1	1	75272601	75915702	35873.O	35874.O	6	16	1	-1	103222166	103287391	75483441	75598830	50000	593101	1
172	inter	35875.R	35876.R	3	1	1	125293459	125775101	35875.O	35876.O	16	6	-1	1	33078467	33211454	87570391	87674439	50000	431642	1
173	intra	35876.R	35877.R	3	1	1	128988484	129144932	35876.O	35877.O	6	6	1	1	90546500	90659507	115804574	115806983	50000	106448	-4
174	inter	35877.R	35878.R	3	1	1	129582650	129981635	35877.O	35878.O	6	9	1	-1	116102342	116220329	105904063	106078817	50000	348985	1
175	inter	35879.R	35880.R	3	1	1	148037492	148517535	35879.O	35880.O	9	3	-1	-1	90052095	90258626	20158393	20520426	50000	430043	1
176	intra	35880.R	35881.R	3	1	1	148915303	149105816	35880.O	35881.O	3	3	-1	1	19729141	19894261	56945963	57104365	50000	140513	1
177	intra	35881.R	35882.R	3	1	1	167772106	167907105	35881.O	35882.O	3	3	1	-1	75734728	75910358	31435949	31688346	50000	84999	1
178	intra	35882.R	35883.R	3	1	1	178055807	178187517	35882.O	35883.O	3	3	-1	1	20158393	20520426	31435949	31688346	50000	81710	1
179	inter	35883.R	35884.R	3	1	1	182768465	183015714	35883.O	35884.O	3	16	1	1	35851657	36124850	18920517	19801633	50000	197249	1
180	intra	35886.R	35887.R	4	1	1	973731	1159142	35886.O	35887.O	5	5	1	1	109088428	110590767	33455515	33575215	50000	135411	1
181	inter	35889.R	35890.R	4	1	1	88950187	89228698	35889.O	35890.O	5	6	1	1	104933146	105874519	56824728	57506415	50000	228511	1
182	inter	35890.R	35891.R	4	1	1	95223100	95334699	35890.O	35891.O	6	3	1	-1	65073639	65464876	142081396	142209959	50000	61599	1
183	inter	35891.R	35892.R	4	1	1	119288945	119389188	35891.O	35892.O	3	1	-1	-1	123051525	123155433	178668839	181668839	50000	50243	1
184	inter	35892.R	35893.R	4	1	1	119462723	119646924	35892.O	35893.O	1	3	-1	-1	181709381	178635320	123051525	123155433	50000	134201	-3
185	inter	35893.R	35894.R	4	1	1	120653320	121068693	35893.O	35894.O	3	6	-1	-1	122288627	122403311	66414729	66879576	50000	365373	1
186	inter	35894.R	35895.R	4	1	1	122144687	122292382	35894.O	35895.O	6	3	-1	1	65073639	65464876	35851657	36124850	50000	97695	1
187	inter	35895.R	35896.R	4	1	1	141140230	141301922	35895.O	35896.O	3	8	1	-1	51971106	44172086	85940128	86140536	50000	111692	-3
188	inter	35896.R	35897.R	4	1	1	150842329	151016383	35896.O	35897.O	8	3	-1	-1	77700405	77859233	86717002	86849634	50000	124054	1
189	inter	35897.R	35898.R	4	1	1	163046512	163554024	35897.O	35898.O	3	8	-1	-1	75734728	75910358	69871244	70064006	50000	457512	1
190	inter	35899.R	35900.R	5	1	1	7885441	8977745	35899.O	35900.O	13	15	-1	-1	67073758	68738227	32639145	32767008	50000	1042304	1
191	inter	35900.R	35901.R	5	1	1	42838975	43496298	35900.O	35901.O	15	13	-1	-1	204663	3204663	120234309	120284312	50000	607323	1
192	intra	35901.R	35902.R	5	1	1	46068514	49619996	35901.O	35902.O	13	13	-1	-1	118033771	118234614	118132625	117947319	50000	3501482	-4
193	inter	35904.R	35905.R	5	1	1	96094383	96252316	35904.O	35905.O	13	17	-1	-1	74451635	74826754	17739880	20739880	50000	107933	1
194	inter	35905.R	35906.R	5	1	1	98355239	98489740	35905.O	35906.O	17	1	-1	-1	15614308	15767562	100201463	103201463	50000	84501	1
195	inter	35906.R	35907.R	5	1	1	102678411	102809315	35906.O	35907.O	1	17	-1	1	95908047	96085493	57424375	59061923	50000	80904	1
196	inter	35907.R	35908.R	5	1	1	110013021	110330120	35907.O	35908.O	17	18	1	1	65840677	65958827	32545589	32902817	50000	267099	1
197	intra	35908.R	35909.R	5	1	1	112246881	112360736	35908.O	35909.O	18	18	1	1	34516094	34618997	44230612	44585452	50000	63855	1
198	inter	35909.R	35910.R	5	1	1	130289352	130534032	35909.O	35910.O	18	11	1	-1	60268263	60683368	54636270	54742867	50000	194680	1
199	inter	35910.R	35911.R	5	1	1	134013627	134123478	35910.O	35911.O	11	13	-1	1	51422808	51555739	55664646	55773981	50000	59851	1
200	inter	35911.R	35912.R	5	1	1	137040938	137275085	35911.O	35912.O	13	18	1	1	58180739	58308671	34516094	34618997	50000	184147	1
201	intra	35912.R	35913.R	5	1	1	147574774	147697374	35912.O	35913.O	18	18	1	-1	44230612	44585452	62726193	62913317	50000	72600	1
202	inter	35913.R	35914.R	5	1	1	150127176	150431711	35913.O	35914.O	18	11	-1	1	60268263	60683368	54636270	54742867	50000	254535	1
203	intra	35914.R	35915.R	5	1	1	154280989	154381837	35914.O	35915.O	11	11	1	-1	57937430	58778366	48547804	48973136	50000	50848	1
204	inter	35915.R	35916.R	5	1	1	171882313	171996752	35915.O	35916.O	11	17	-1	1	31992325	32252764	26375884	26519509	50000	64439	1
205	inter	35916.R	35917.R	5	1	1	172672349	172786725	35916.O	35917.O	17	11	1	1	26984357	27103729	30956366	31302048	50000	64376	1
206	inter	35917.R	35918.R	5	1	1	173613599	173800964	35917.O	35918.O	11	13	1	1	31992325	32252764	53422861	53599876	50000	137365	1
207	inter	35918.R	35919.R	5	1	1	176989611	177581363	35918.O	35919.O	13	11	1	-1	55664646	55773981	51422808	51555739	50000	541752	1
208	intra	35921.R	35922.R	6	1	1	20010798	20115223	35921.O	35922.O	13	13	1	-1	48514221	48628302	30320483	30701921	50000	54425	1
209	inter	35922.R	35923.R	6	1	1	28452803	29372703	35922.O	35923.O	13	17	-1	-1	21080187	21428234	37586846	40586846	50000	869900	1
210	intra	35923.R	35924.R	6	1	1	33247218	33409177	35923.O	35924.O	17	17	-1	1	33935993	34092414	26984357	27103729	50000	111959	1
211	inter	35924.R	35925.R	6	1	1	39008058	39119766	35924.O	35925.O	17	14	1	1	31027825	31140833	20819924	20939593	50000	61708	1
212	inter	35925.R	35926.R	6	1	1	39216486	39316498	35925.O	35926.O	14	17	1	-1	21017810	21163857	50031698	50139163	50000	50012	1
213	inter	35926.R	35927.R	6	1	1	49631826	49846129	35926.O	35927.O	17	1	-1	1	37951454	40951454	17869552	18146048	50000	164303	1
214	inter	35927.R	35928.R	6	1	1	52518703	52706530	35927.O	35928.O	1	9	1	-1	21238305	21398570	78103338	78293512	50000	137827	1
215	inter	35928.R	35929.R	6	1	1	55734577	56273874	35928.O	35929.O	9	1	-1	-1	75496932	75616149	34417402	34685592	50000	489297	1
216	inter	35930.R	35931.R	6	1	1	73870868	74154388	35930.O	35931.O	1	9	-1	1	21238305	21398570	78103338	78293512	50000	233520	1
217	inter	35931.R	35932.R	6	1	1	86310515	87843887	35931.O	35932.O	9	4	1	-1	88338361	89147482	34806730	34946198	50000	1483372	1
218	inter	35932.R	35933.R	6	1	1	100195013	100595979	35932.O	35933.O	4	10	-1	-1	20747757	21410926	51084360	51338756	50000	350966	1
219	intra	35933.R	35934.R	6	1	1	116873157	117097677	35933.O	35934.O	10	10	-1	1	33318598	33762673	51084360	51338756	50000	174520	1
220	intra	35934.R	35935.R	6	1	1	123101435	123339910	35934.O	35935.O	10	10	1	-1	57505878	57768129	33318598	33762673	50000	188475	1
221	inter	35935.R	35936.R	6	1	1	154947844	155103083	35935.O	35936.O	10	17	-1	-1	62077	3062077	8074857	8238181	50000	105239	1
222	intra	35936.R	35937.R	6	1	1	160051646	160153032	35936.O	35937.O	17	17	-1	-1	163738	3163738	13158514	13730338	50000	51386	1
223	intra	35937.R	35938.R	6	1	1	166747236	167170855	35937.O	35938.O	17	17	-1	1	8401111	8526185	8074857	8238181	50000	373619	1
224	intra	35938.R	35939.R	6	1	1	167502070	167909539	35938.O	35939.O	17	17	1	1	8401111	8526185	13158514	13730338	50000	357469	1
225	inter	35940.R	35941.R	7	1	1	6721649	7182996	35940.O	35941.O	5	6	-1	1	138735068	139246217	7593721	7776454	50000	411347	1
226	inter	35941.R	35942.R	7	1	1	12486829	12611752	35941.O	35942.O	6	12	1	-1	13181261	13285181	40844269	40946394	50000	74923	1
227	intra	35942.R	35943.R	7	1	1	19698810	19811201	35942.O	35943.O	12	12	-1	-1	34032709	34164332	121207527	121257530	50000	62391	1
228	inter	35943.R	35944.R	7	1	1	22478893	22645306	35943.O	35944.O	12	5	-1	1	118552310	118691972	27421751	30194036	50000	116413	1
229	intra	35944.R	35945.R	7	1	1	22722664	22953126	35944.O	35945.O	5	5	1	1	30297124	30480992	23279467	23420332	50000	180462	1
230	inter	35945.R	35946.R	7	1	1	23190676	23304035	35945.O	35946.O	5	6	1	1	23638787	23817513	48891442	49011985	50000	63359	1
231	inter	35946.R	35947.R	7	1	1	33053246	33184362	35946.O	35947.O	6	9	1	-1	56824728	57506415	25362777	25930811	50000	81116	1
232	inter	35947.R	35948.R	7	1	1	36444039	36574506	35947.O	35948.O	9	13	-1	-1	21886407	22185934	21080187	21428234	50000	80467	1
233	inter	35948.R	35949.R	7	1	1	43555930	43956144	35948.O	35949.O	13	11	-1	1	14241783	14368369	5324598	5654321	50000	350214	1
234	inter	35949.R	35950.R	7	1	1	55267931	56069352	35949.O	35950.O	11	5	1	1	16797264	16901092	130062880	130271165	50000	751421	1
235	intra	35950.R	35951.R	7	1	1	56134138	66858098	35950.O	35951.O	5	5	1	-1	130339643	130861877	134500323	134614118	50000	10673960	1
236	intra	35951.R	35952.R	7	1	1	71995725	72586306	35951.O	35952.O	5	5	-1	1	130339643	130861877	134500323	134614118	50000	540581	1
237	inter	35952.R	35953.R	7	1	1	76099827	76332730	35952.O	35953.O	5	3	1	-1	136476114	136580523	147260533	150260533	50000	182903	1
238	inter	35953.R	35954.R	7	1	1	76525579	76752246	35953.O	35954.O	3	5	-1	-1	159549772	147089210	20934708	20943110	50000	176667	-5
239	inter	35954.R	35955.R	7	1	1	92626514	92795197	35954.O	35955.O	5	6	-1	1	199760	3199760	370884	3370884	50000	118683	1
240	inter	35955.R	35956.R	7	1	1	97452117	97648308	35955.O	35956.O	6	5	1	1	7593721	7776454	144748574	144821891	50000	146191	1
241	intra	35956.R	35957.R	7	1	1	99179367	99602841	35956.O	35957.O	5	5	1	-1	146006170	147067095	138735068	139246217	50000	373474	1
242	intra	35957.R	35958.R	7	1	1	102141754	102381617	35957.O	35958.O	5	5	-1	1	136476114	136580523	20934708	20943110	50000	189863	-4
243	inter	35958.R	35959.R	7	1	1	105160094	105260238	35958.O	35959.O	5	12	1	-1	23279467	23420332	34032709	34164332	50000	50144	1
244	intra	35959.R	35960.R	7	1	1	107722185	107822206	35959.O	35960.O	12	12	-1	-1	31644213	31862188	45662997	45787762	50000	50021	1
245	inter	35960.R	35961.R	7	1	1	112086146	112188919	35960.O	35961.O	12	6	-1	1	40844269	40946394	13181261	13285181	50000	52773	1
246	inter	35961.R	35962.R	7	1	1	149533263	149678652	35961.O	35962.O	6	5	1	-1	48448713	48566135	27421751	30194036	50000	95389	1
247	inter	35962.R	35963.R	7	1	1	149909756	150082467	35962.O	35963.O	5	6	-1	1	30043781	27140751	48448713	48566135	50000	122711	-3
248	inter	35963.R	35964.R	7	1	1	150508657	150638373	35963.O	35964.O	6	5	1	1	48891442	49011985	23638787	23817513	50000	79716	1
249	inter	35964.R	35965.R	7	1	1	157129154	157275645	35964.O	35965.O	5	12	1	-1	30043781	27140751	118552310	118691972	50000	96491	-3
250	intra	35967.R	35968.R	8	1	1	6643649	8158776	35967.O	35968.O	8	8	1	-1	18901493	21901493	37210661	37328486	50000	1465127	1
251	inter	35968.R	35969.R	8	1	1	9590417	9794629	35968.O	35969.O	8	14	-1	-1	35835099	35939004	65170882	65297440	50000	154212	1
252	inter	35969.R	35970.R	8	1	1	11687304	12629073	35969.O	35970.O	14	8	-1	1	63541934	63763413	37210661	37328486	50000	891769	1
253	intra	35970.R	35971.R	8	1	1	17908954	18277877	35970.O	35971.O	8	8	1	1	42422709	42532546	69871244	70064006	50000	318923	1
254	inter	35971.R	35972.R	8	1	1	20127976	20256584	35971.O	35972.O	8	14	1	-1	71673806	72364725	72739990	72978371	50000	78608	1
255	inter	35972.R	35973.R	8	1	1	29101199	29240466	35972.O	35973.O	14	8	-1	-1	65170882	65297440	35835099	35939004	50000	89267	1
256	intra	35973.R	35974.R	8	1	1	36627574	36766542	35973.O	35974.O	8	8	-1	-1	27224681	28793520	28296202	27098883	50000	88968	-4
257	intra	35974.R	35975.R	8	1	1	42455949	42741750	35974.O	35975.O	8	8	-1	-1	23488522	23597628	27224681	28793520	50000	235801	1
258	inter	35975.R	35976.R	8	1	1	43008925	48256338	35975.O	35976.O	8	16	-1	-1	28296202	27098883	16065190	16260137	50000	5197413	-3
259	inter	35976.R	35977.R	8	1	1	49815275	50817106	35976.O	35977.O	16	1	-1	-1	14402822	14723477	9349511	9582908	50000	951831	1
260	inter	35977.R	35978.R	8	1	1	56485248	56700304	35977.O	35978.O	1	4	-1	1	114230	3114230	525942	3525942	50000	165056	1
261	intra	35978.R	35979.R	8	1	1	62645565	63144926	35978.O	35979.O	4	4	1	-1	9626047	9748545	20747757	21410926	50000	449361	1
262	inter	35979.R	35980.R	8	1	1	63968516	64125897	35979.O	35980.O	4	3	-1	1	19828631	19950400	15188734	16130801	50000	107381	1
263	inter	35980.R	35981.R	8	1	1	67265825	67386477	35980.O	35981.O	3	1	1	1	19729141	19894261	9349511	9582908	50000	70652	1
264	inter	35981.R	35982.R	8	1	1	76057163	76247937	35981.O	35982.O	1	3	1	1	17869552	18146048	410807	3410807	50000	140774	1
265	inter	35982.R	35983.R	8	1	1	86985414	87107363	35982.O	35983.O	3	4	1	-1	15188734	16130801	19828631	19950400	50000	71949	1
266	inter	35983.R	35984.R	8	1	1	97196782	97297028	35983.O	35984.O	4	13	-1	1	9626047	9748545	64975706	67055614	50000	50246	1
267	inter	35984.R	35985.R	8	1	1	97323828	97496632	35984.O	35985.O	13	15	1	1	67073758	68738227	32639145	32767008	50000	122804	1
268	inter	35986.R	35987.R	9	1	1	6609223	6897129	35986.O	35987.O	19	4	1	1	30212283	30341964	73799050	73992469	50000	237906	1
269	intra	35987.R	35988.R	9	1	1	27170407	27375073	35987.O	35988.O	4	4	1	1	94482443	94658691	34806730	34946198	50000	154666	1
270	inter	35988.R	35989.R	9	1	1	38422099	38860965	35988.O	35989.O	4	13	1	1	45830288	45930955	64364083	64714627	50000	388866	1
271	inter	35989.R	35990.R	9	1	1	40657569	42078291	35989.O	35990.O	13	3	1	1	64975706	64732316	44278148	44193196	50000	1370722	-5
272	inter	35990.R	35991.R	9	1	1	42196766	43673473	35990.O	35991.O	3	13	1	-1	44278291	44219914	64975706	67055614	50000	1426707	-3
273	inter	35991.R	35992.R	9	1	1	43891731	45496787	35991.O	35992.O	13	3	-1	-1	64833279	64884255	44278291	44181193	50000	1555056	-4
274	inter	35992.R	35993.R	9	1	1	46048069	65635614	35992.O	35993.O	3	13	-1	-1	51971106	44172086	64833279	64884255	50000	19537545	-3
275	inter	35993.R	35994.R	9	1	1	65851647	68189917	35993.O	35994.O	13	3	-1	1	64975706	64732316	44278291	44219914	50000	2288270	-5
276	inter	35994.R	35995.R	9	1	1	68244733	69136307	35994.O	35995.O	3	19	1	-1	44278291	47278291	25012153	24957903	50000	841574	-4
277	inter	35995.R	35996.R	9	1	1	82727364	83043521	35995.O	35996.O	19	4	-1	1	13887570	14157343	70154380	70357310	50000	266157	1
278	intra	35996.R	35997.R	9	1	1	85647078	85906924	35996.O	35997.O	4	4	1	-1	73407822	73708309	73799050	73992469	50000	209846	1
279	inter	35997.R	35998.R	9	1	1	86104717	86281955	35997.O	35998.O	4	13	-1	1	73407822	73708309	58180739	58308671	50000	127238	1
280	intra	35998.R	35999.R	9	1	1	90290399	91081851	35998.O	35999.O	13	13	1	-1	60957776	62988186	53422861	53599876	50000	741452	1
281	intra	35999.R	36000.R	9	1	1	97017712	97370957	35999.O	36000.O	13	13	-1	1	48514221	48628302	60957776	62988186	50000	303245	1
282	inter	36000.R	36001.R	9	1	1	99367669	100087894	36000.O	36001.O	13	4	1	1	64364083	64714627	45830288	45930955	50000	670225	1
283	inter	36001.R	36002.R	9	1	1	123438942	123576077	36001.O	36002.O	4	2	1	-1	70154380	70357310	39032669	39413179	50000	87135	1
284	intra	36004.R	36005.R	X	1	1	9637806	9738235	36004.O	36005.O	X	X	1	-1	74858350	75744673	149196750	151643378	50000	50429	1
285	intra	36005.R	36006.R	X	1	1	9867528	10465591	36005.O	36006.O	X	X	-1	-1	149784200	149094493	166378034	166650296	50000	548063	-3
286	intra	36006.R	36007.R	X	1	1	23799592	23900309	36006.O	36007.O	X	X	-1	-1	149196750	151643378	91614472	92293232	50000	50717	1
287	intra	36007.R	36008.R	X	1	1	37266857	37414439	36007.O	36008.O	X	X	-1	1	74858350	75744673	7863274	8750465	50000	97582	1
288	intra	36008.R	36009.R	X	1	1	47470178	48312014	36008.O	36009.O	X	X	1	-1	20490460	21053838	7863274	8750465	50000	791836	1
289	intra	36009.R	36010.R	X	1	1	51308982	53037493	36009.O	36010.O	X	X	-1	1	2578005	5578005	143994902	146994902	50000	1678511	1
290	intra	36010.R	36011.R	X	1	1	56268562	62903720	36010.O	36011.O	X	X	1	1	149784200	149094493	91614472	92293232	50000	6585158	-3
291	intra	36011.R	36012.R	X	1	1	114467895	114619624	36011.O	36012.O	X	X	1	-1	143980513	146980513	73383137	73975314	50000	101729	1
292	intra	36012.R	36013.R	X	1	1	114835545	115260308	36012.O	36013.O	X	X	-1	1	72773991	73080083	20490460	21053838	50000	374763	1
